Oscillators N=2 2022-12-24  w=0.471533 a=4.50000.nb ( N = 2, M = 4 )
~~~~~~~~~~~~~~~~~~~~~~~~~~~~~~~~~~~~~~
Run Commenced: Tue 27 Dec 2022 12:05:19
Run Completed: Tue 27 Dec 2022 12:29:50
Time Elapsed: 00:24:31

Oscillators Used: 2
Wavefunctions Used: 4
Internuclear Separation: 15.
omega: 0.472
nu : 0.235638

For display purposes, the threshold of Hamiltonian matrix elements has been set to: 10^-6.


    Hamiltonian Matrix A:    < psi_{i,A} | H_k | psi_{j,A} >
    H_1 = T_kin,    H_2 = V_pot,    H_3 = V_1-B,    H_4 = V_A-B

HijkA: {{{0.35364975, 0.35364975, -0.06666666209, 0.06666666222}, {0., 0., -0.004577882283, 0.}, {0.2887538117, -0.2887538117, 0., 0.}, {0., 0., -0.0005444790278, 0.}}, {{0., 0., -0.004577882283, 0.}, {0.58941625, 0.58941625, -0.06729538041, 0.06666666222}, {0., 0., 0.003737825227, 0.}, {0., 0., -0.005398248333, 0.}}, {{0.2887538117, -0.2887538117, 0., 0.}, {0., 0., 0.003737825227, 0.}, {0.82518275, 0.82518275, -0.06666666362, 0.06666666222}, {0., 0., 0.0008891305259, 0.}}, {{0., 0., -0.0005444790278, 0.}, {0., 0., -0.005398248333, 0.}, {0., 0., 0.0008891305259, 0.}, {0.82518275, 0.82518275, -0.06732205481, 0.06666666222}}}
0.35365        0.             0.288754       0.
0.35365        0.             -0.288754      0.
-0.0666667     -0.00457788    0.             -0.000544479
0.0666667      0.             0.             0.

0.             0.589416       0.             0.
0.             0.589416       0.             0.
-0.00457788    -0.0672954     0.00373783     -0.00539825
0.             0.0666667      0.             0.

0.288754       0.             0.825183       0.
-0.288754      0.             0.825183       0.
0.             0.00373783     -0.0666667     0.000889131
0.             0.             0.0666667      0.

0.             0.             0.             0.825183
0.             0.             0.             0.825183
-0.000544479   -0.00539825    0.000889131    -0.0673221
0.             0.             0.             0.0666667


    Hamiltonian Matrix B:    < psi_{i,B} | H_k | psi_{j,B} >
    H_1 = T_kin,    H_2 = V_pot,    H_3 = V_2-A,    H_4 = V_B-A 

HijkB: {{{0.35364975, 0.35364975, -0.06666666209, 0.06666666222}, {0., 0., -0.004577882283, 0.}, {0.2887538117, -0.2887538117, 0., 0.}, {0., 0., -0.0005444790278, 0.}}, {{0., 0., -0.004577882283, 0.}, {0.58941625, 0.58941625, -0.06729538041, 0.06666666222}, {0., 0., 0.003737825227, 0.}, {0., 0., -0.005398248333, 0.}}, {{0.2887538117, -0.2887538117, 0., 0.}, {0., 0., 0.003737825227, 0.}, {0.82518275, 0.82518275, -0.06666666362, 0.06666666222}, {0., 0., 0.0008891305259, 0.}}, {{0., 0., -0.0005444790278, 0.}, {0., 0., -0.005398248333, 0.}, {0., 0., 0.0008891305259, 0.}, {0.82518275, 0.82518275, -0.06732205481, 0.06666666222}}}
0.35365        0.             0.288754       0.
0.35365        0.             -0.288754      0.
-0.0666667     -0.00457788    0.             -0.000544479
0.0666667      0.             0.             0.

0.             0.589416       0.             0.
0.             0.589416       0.             0.
-0.00457788    -0.0672954     0.00373783     -0.00539825
0.             0.0666667      0.             0.

0.288754       0.             0.825183       0.
-0.288754      0.             0.825183       0.
0.             0.00373783     -0.0666667     0.000889131
0.             0.             0.0666667      0.

0.             0.             0.             0.825183
0.             0.             0.             0.825183
-0.000544479   -0.00539825    0.000889131    -0.0673221
0.             0.             0.             0.0666667


    Hamiltonian Matrix AB:    < psi_{i1,A} <psi_{i2,B} | V_e-e | psi_{i3,A} <psi_{i4,B} >

HijkAB: {{{{0.06666671211, 0.004577828792, 0.00000006220168791, 0.0005444804692}, {0.004577828792, 0.0006287179647, 0.00000001352960083, 0.0001121597057}, {0.00000006200547983, 0.00000001352960082, 0., -0.0000000289516069}, {0.0005444804692, 0.0001121597057, -0.0000000289516069, 0.00002658487509}}, {{0.004577828792, 0.0672957434, -0.003737825103, 0.005398262299}, {0.0006287179647, 0.004707436238, -0.0005133167998, 0.0007567265085}, {0.00000001352960082, 0.0000000669658329, 0.00000003346526888, 0.00000005227819708}, {0.0001121597057, 0.0005753517379, -0.00009157325991, 0.0001384915308}}, {{0.00000006220168791, -0.003737825103, 0.06666674489, -0.0008891402946}, {0.00000001352960083, -0.0005133167998, 0.004577881808, -0.0001831695688}, {0., 0.00000003346526888, 0.00000004421755864, -0.00000002203487893}, {-0.0000000289516069, -0.00009157325991, 0.0005445632837, -0.0000435318718}}, {{0.0005444804692, 0.005398262299, -0.0008891402946, 0.06732260062}, {0.0001121597057, 0.0007567265085, -0.0001831695688, 0.00471660122}, {-0.0000000289516069, 0.00000005227819708, -0.00000002203487893, 0.00000005878883317}, {0.00002658487509, 0.0001384915308, -0.0000435318718, 0.0005785402041}}}, {{{0.004577828792, 0.0006287179647, 0.00000001352960083, 0.0001121597057}, {0.0672957434, 0.004707436238, 0.0000000669658329, 0.0005753504444}, {-0.003737825103, -0.0005133180136, 0.00000003346526888, -0.00009157325991}, {0.005398262299, 0.0007567265085, 0.00000005227819708, 0.0001384915308}}, {{0.0006287179647, 0.004707436238, -0.0005133168027, 0.0007567265085}, {0.004707436238, 0.06796095864, -0.003843405905, 0.005558079369}, {-0.0005133180108, -0.003843405905, 0.0004191716633, -0.0006178357037}, {0.0007567265085, 0.005558079369, -0.0006178357037, 0.0009131405367}}, {{0.00000001352960083, -0.0005133167998, 0.004577881808, -0.0001831695688}, {0.0000000669658329, -0.003843405905, 0.06729596754, -0.0009392306341}, {0.00000003346526888, 0.0004191716633, -0.003737820265, 0.0001527013123}, {0.00000005227819708, -0.0006178357037, 0.005398240431, -0.0002263779219}}, {{0.0001121597057, 0.0007567265085, -0.0001831695688, 0.00471660122}, {0.0005753516431, 0.005558079369, -0.0009392306341, 0.06799175147}, {-0.00009157325991, -0.0006178357037, 0.0001527013123, -0.003851024969}, {0.0001384915308, 0.0009131405367, -0.0002263779219, 0.005570641347}}}, {{{0.00000006200547983, 0.00000001352960082, 0., -0.0000000289516069}, {-0.003737825103, -0.0005133180136, 0.0000000334652689, -0.00009157325991}, {0.06666674486, 0.004577881808, 0.00000004579276642, 0.0005445632837}, {-0.0008891402946, -0.0001831695688, -0.00000002203487892, -0.00004353186459}}, {{0.00000001352960082, 0.0000000669658329, 0.00000003346526888, 0.00000005227819708}, {-0.0005133180136, -0.003843405905, 0.0004191716633, -0.0006178357037}, {0.004577881808, 0.06729596754, -0.003737820265, 0.005398240431}, {-0.0001831695688, -0.0009392306341, 0.0001527013123, -0.0002263779219}}, {{0., 0.00000003346526888, 0.00000004421755864, -0.00000002203487893}, {0.0000000334652689, 0.0004191716633, -0.003737820265, 0.0001527013123}, {0.00000004579276642, -0.003737820265, 0.06666655717, -0.0008890545304}, {-0.00000002203487892, 0.0001527013123, -0.0008890545304, 0.00007108519631}}, {{-0.0000000289516069, 0.00000005227819708, -0.00000002203487893, 0.00000005878883318}, {-0.00009157325991, -0.0006178357037, 0.0001527013123, -0.003851024969}, {0.0005445632837, 0.005398240431, -0.0008890545304, 0.06732273756}, {-0.00004353186459, -0.0002263779219, 0.00007108519631, -0.0009446599509}}}, {{{0.0005444804692, 0.0001121597057, -0.0000000289516069, 0.00002658487509}, {0.005398262299, 0.0007567265085, 0.00000005227819708, 0.0001384915308}, {-0.0008891402946, -0.0001831695688, -0.00000002203487892, -0.00004353186459}, {0.06732260062, 0.00471660122, 0.00000005878883317, 0.0005785402041}}, {{0.0001121597057, 0.0005753517379, -0.00009157325991, 0.0001384915308}, {0.0007567265085, 0.005558079369, -0.0006178357037, 0.0009131405367}, {-0.0001831695688, -0.0009392306341, 0.0001527013123, -0.0002263779219}, {0.00471660122, 0.06799175147, -0.003851024969, 0.005570641347}}, {{-0.0000000289516069, -0.00009157325991, 0.0005445632837, -0.0000435318718}, {0.00000005227819708, -0.0006178357037, 0.005398240431, -0.0002263779219}, {-0.00000002203487892, 0.0001527013123, -0.0008890545304, 0.00007108519631}, {0.00000005878883318, -0.003851024969, 0.06732273756, -0.0009446599509}}, {{0.00002658487509, 0.0001384915308, -0.0000435318718, 0.0005785402041}, {0.0001384915308, 0.0009131405367, -0.0002263779219, 0.005570641347}, {-0.00004353186459, -0.0002263779219, 0.00007108519631, -0.0009446599509}, {0.0005785402041, 0.005570641347, -0.0009446599509, 0.06802374071}}}}
0.0666667     0.00457783    0.            0.00054448      0.00457783    0.0672957     -0.00373783   0.00539826      0.            -0.00373783   0.0666667     -0.00088914     0.00054448    0.00539826    -0.00088914   0.0673226
0.00457783    0.000628718   0.            0.00011216      0.000628718   0.00470744    -0.000513317  0.000756727     0.            -0.000513317  0.00457788    -0.00018317     0.00011216    0.000756727   -0.00018317   0.0047166
0.            0.            0.            0.              0.            0.            0.            0.              0.            0.            0.            0.              0.            0.            0.            0.
0.00054448    0.00011216    0.            0.0000265849    0.00011216    0.000575352   -0.0000915733 0.000138492     0.            -0.0000915733 0.000544563   -0.0000435319   0.0000265849  0.000138492   -0.0000435319 0.00057854

0.00457783    0.000628718   0.            0.00011216      0.000628718   0.00470744    -0.000513317  0.000756727     0.            -0.000513317  0.00457788    -0.00018317     0.00011216    0.000756727   -0.00018317   0.0047166
0.0672957     0.00470744    0.            0.00057535      0.00470744    0.067961      -0.00384341   0.00555808      0.            -0.00384341   0.067296      -0.000939231    0.000575352   0.00555808    -0.000939231  0.0679918
-0.00373783   -0.000513318  0.            -0.0000915733   -0.000513318  -0.00384341   0.000419172   -0.000617836    0.            0.000419172   -0.00373782   0.000152701     -0.0000915733 -0.000617836  0.000152701   -0.00385102
0.00539826    0.000756727   0.            0.000138492     0.000756727   0.00555808    -0.000617836  0.000913141     0.            -0.000617836  0.00539824    -0.000226378    0.000138492   0.000913141   -0.000226378  0.00557064

0.            0.            0.            0.              0.            0.            0.            0.              0.            0.            0.            0.              0.            0.            0.            0.
-0.00373783   -0.000513318  0.            -0.0000915733   -0.000513318  -0.00384341   0.000419172   -0.000617836    0.            0.000419172   -0.00373782   0.000152701     -0.0000915733 -0.000617836  0.000152701   -0.00385102
0.0666667     0.00457788    0.            0.000544563     0.00457788    0.067296      -0.00373782   0.00539824      0.            -0.00373782   0.0666666     -0.000889055    0.000544563   0.00539824    -0.000889055  0.0673227
-0.00088914   -0.00018317   0.            -0.0000435319   -0.00018317   -0.000939231  0.000152701   -0.000226378    0.            0.000152701   -0.000889055  0.0000710852    -0.0000435319 -0.000226378  0.0000710852  -0.00094466

0.00054448    0.00011216    0.            0.0000265849    0.00011216    0.000575352   -0.0000915733 0.000138492     0.            -0.0000915733 0.000544563   -0.0000435319   0.0000265849  0.000138492   -0.0000435319 0.00057854
0.00539826    0.000756727   0.            0.000138492     0.000756727   0.00555808    -0.000617836  0.000913141     0.            -0.000617836  0.00539824    -0.000226378    0.000138492   0.000913141   -0.000226378  0.00557064
-0.00088914   -0.00018317   0.            -0.0000435319   -0.00018317   -0.000939231  0.000152701   -0.000226378    0.            0.000152701   -0.000889055  0.0000710852    -0.0000435319 -0.000226378  0.0000710852  -0.00094466
0.0673226     0.0047166     0.            0.00057854      0.0047166     0.0679918     -0.00385102   0.00557064      0.            -0.00385102   0.0673227     -0.00094466     0.00057854    0.00557064    -0.00094466   0.0680237


    Hamiltonian Matrix BA:    < psi_{i1,B} <psi_{i2,A} | V_e-e | psi_{i3,B} <psi_{i4,A} >

HijkBA: {{{{0.06666671211, 0.004577828792, 0.00000006220168791, 0.0005444804692}, {0.004577828792, 0.0006287179647, 0.00000001352960083, 0.0001121597057}, {0.00000006200547983, 0.00000001352960082, 0., -0.0000000289516069}, {0.0005444804692, 0.0001121597057, -0.0000000289516069, 0.00002658487509}}, {{0.004577828792, 0.0672957434, -0.003737825103, 0.005398262299}, {0.0006287179647, 0.004707436238, -0.0005133167998, 0.0007567265085}, {0.00000001352960082, 0.0000000669658329, 0.00000003346526888, 0.00000005227819708}, {0.0001121597057, 0.0005753517379, -0.00009157325991, 0.0001384915308}}, {{0.00000006220168791, -0.003737825103, 0.06666674489, -0.0008891402946}, {0.00000001352960083, -0.0005133167998, 0.004577881808, -0.0001831695688}, {0., 0.00000003346526888, 0.00000004421755864, -0.00000002203487893}, {-0.0000000289516069, -0.00009157325991, 0.0005445632837, -0.0000435318718}}, {{0.0005444804692, 0.005398262299, -0.0008891402946, 0.06732260062}, {0.0001121597057, 0.0007567265085, -0.0001831695688, 0.00471660122}, {-0.0000000289516069, 0.00000005227819708, -0.00000002203487893, 0.00000005878883317}, {0.00002658487509, 0.0001384915308, -0.0000435318718, 0.0005785402041}}}, {{{0.004577828792, 0.0006287179647, 0.00000001352960083, 0.0001121597057}, {0.0672957434, 0.004707436238, 0.0000000669658329, 0.0005753504444}, {-0.003737825103, -0.0005133180136, 0.00000003346526888, -0.00009157325991}, {0.005398262299, 0.0007567265085, 0.00000005227819708, 0.0001384915308}}, {{0.0006287179647, 0.004707436238, -0.0005133168027, 0.0007567265085}, {0.004707436238, 0.06796095864, -0.003843405905, 0.005558079369}, {-0.0005133180108, -0.003843405905, 0.0004191716633, -0.0006178357037}, {0.0007567265085, 0.005558079369, -0.0006178357037, 0.0009131405367}}, {{0.00000001352960083, -0.0005133167998, 0.004577881808, -0.0001831695688}, {0.0000000669658329, -0.003843405905, 0.06729596754, -0.0009392306341}, {0.00000003346526888, 0.0004191716633, -0.003737820265, 0.0001527013123}, {0.00000005227819708, -0.0006178357037, 0.005398240431, -0.0002263779219}}, {{0.0001121597057, 0.0007567265085, -0.0001831695688, 0.00471660122}, {0.0005753516431, 0.005558079369, -0.0009392306341, 0.06799175147}, {-0.00009157325991, -0.0006178357037, 0.0001527013123, -0.003851024969}, {0.0001384915308, 0.0009131405367, -0.0002263779219, 0.005570641347}}}, {{{0.00000006200547983, 0.00000001352960082, 0., -0.0000000289516069}, {-0.003737825103, -0.0005133180136, 0.0000000334652689, -0.00009157325991}, {0.06666674486, 0.004577881808, 0.00000004579276642, 0.0005445632837}, {-0.0008891402946, -0.0001831695688, -0.00000002203487892, -0.00004353186459}}, {{0.00000001352960082, 0.0000000669658329, 0.00000003346526888, 0.00000005227819708}, {-0.0005133180136, -0.003843405905, 0.0004191716633, -0.0006178357037}, {0.004577881808, 0.06729596754, -0.003737820265, 0.005398240431}, {-0.0001831695688, -0.0009392306341, 0.0001527013123, -0.0002263779219}}, {{0., 0.00000003346526888, 0.00000004421755864, -0.00000002203487893}, {0.0000000334652689, 0.0004191716633, -0.003737820265, 0.0001527013123}, {0.00000004579276642, -0.003737820265, 0.06666655717, -0.0008890545304}, {-0.00000002203487892, 0.0001527013123, -0.0008890545304, 0.00007108519631}}, {{-0.0000000289516069, 0.00000005227819708, -0.00000002203487893, 0.00000005878883318}, {-0.00009157325991, -0.0006178357037, 0.0001527013123, -0.003851024969}, {0.0005445632837, 0.005398240431, -0.0008890545304, 0.06732273756}, {-0.00004353186459, -0.0002263779219, 0.00007108519631, -0.0009446599509}}}, {{{0.0005444804692, 0.0001121597057, -0.0000000289516069, 0.00002658487509}, {0.005398262299, 0.0007567265085, 0.00000005227819708, 0.0001384915308}, {-0.0008891402946, -0.0001831695688, -0.00000002203487892, -0.00004353186459}, {0.06732260062, 0.00471660122, 0.00000005878883317, 0.0005785402041}}, {{0.0001121597057, 0.0005753517379, -0.00009157325991, 0.0001384915308}, {0.0007567265085, 0.005558079369, -0.0006178357037, 0.0009131405367}, {-0.0001831695688, -0.0009392306341, 0.0001527013123, -0.0002263779219}, {0.00471660122, 0.06799175147, -0.003851024969, 0.005570641347}}, {{-0.0000000289516069, -0.00009157325991, 0.0005445632837, -0.0000435318718}, {0.00000005227819708, -0.0006178357037, 0.005398240431, -0.0002263779219}, {-0.00000002203487892, 0.0001527013123, -0.0008890545304, 0.00007108519631}, {0.00000005878883318, -0.003851024969, 0.06732273756, -0.0009446599509}}, {{0.00002658487509, 0.0001384915308, -0.0000435318718, 0.0005785402041}, {0.0001384915308, 0.0009131405367, -0.0002263779219, 0.005570641347}, {-0.00004353186459, -0.0002263779219, 0.00007108519631, -0.0009446599509}, {0.0005785402041, 0.005570641347, -0.0009446599509, 0.06802374071}}}}
0.0666667     0.00457783    0.            0.00054448      0.00457783    0.0672957     -0.00373783   0.00539826      0.            -0.00373783   0.0666667     -0.00088914     0.00054448    0.00539826    -0.00088914   0.0673226
0.00457783    0.000628718   0.            0.00011216      0.000628718   0.00470744    -0.000513317  0.000756727     0.            -0.000513317  0.00457788    -0.00018317     0.00011216    0.000756727   -0.00018317   0.0047166
0.            0.            0.            0.              0.            0.            0.            0.              0.            0.            0.            0.              0.            0.            0.            0.
0.00054448    0.00011216    0.            0.0000265849    0.00011216    0.000575352   -0.0000915733 0.000138492     0.            -0.0000915733 0.000544563   -0.0000435319   0.0000265849  0.000138492   -0.0000435319 0.00057854

0.00457783    0.000628718   0.            0.00011216      0.000628718   0.00470744    -0.000513317  0.000756727     0.            -0.000513317  0.00457788    -0.00018317     0.00011216    0.000756727   -0.00018317   0.0047166
0.0672957     0.00470744    0.            0.00057535      0.00470744    0.067961      -0.00384341   0.00555808      0.            -0.00384341   0.067296      -0.000939231    0.000575352   0.00555808    -0.000939231  0.0679918
-0.00373783   -0.000513318  0.            -0.0000915733   -0.000513318  -0.00384341   0.000419172   -0.000617836    0.            0.000419172   -0.00373782   0.000152701     -0.0000915733 -0.000617836  0.000152701   -0.00385102
0.00539826    0.000756727   0.            0.000138492     0.000756727   0.00555808    -0.000617836  0.000913141     0.            -0.000617836  0.00539824    -0.000226378    0.000138492   0.000913141   -0.000226378  0.00557064

0.            0.            0.            0.              0.            0.            0.            0.              0.            0.            0.            0.              0.            0.            0.            0.
-0.00373783   -0.000513318  0.            -0.0000915733   -0.000513318  -0.00384341   0.000419172   -0.000617836    0.            0.000419172   -0.00373782   0.000152701     -0.0000915733 -0.000617836  0.000152701   -0.00385102
0.0666667     0.00457788    0.            0.000544563     0.00457788    0.067296      -0.00373782   0.00539824      0.            -0.00373782   0.0666666     -0.000889055    0.000544563   0.00539824    -0.000889055  0.0673227
-0.00088914   -0.00018317   0.            -0.0000435319   -0.00018317   -0.000939231  0.000152701   -0.000226378    0.            0.000152701   -0.000889055  0.0000710852    -0.0000435319 -0.000226378  0.0000710852  -0.00094466

0.00054448    0.00011216    0.            0.0000265849    0.00011216    0.000575352   -0.0000915733 0.000138492     0.            -0.0000915733 0.000544563   -0.0000435319   0.0000265849  0.000138492   -0.0000435319 0.00057854
0.00539826    0.000756727   0.            0.000138492     0.000756727   0.00555808    -0.000617836  0.000913141     0.            -0.000617836  0.00539824    -0.000226378    0.000138492   0.000913141   -0.000226378  0.00557064
-0.00088914   -0.00018317   0.            -0.0000435319   -0.00018317   -0.000939231  0.000152701   -0.000226378    0.            0.000152701   -0.000889055  0.0000710852    -0.0000435319 -0.000226378  0.0000710852  -0.00094466
0.0673226     0.0047166     0.            0.00057854      0.0047166     0.0679918     -0.00385102   0.00557064      0.            -0.00385102   0.0673227     -0.00094466     0.00057854    0.00557064    -0.00094466   0.0680237


Energy:  {1.41459905}


Coefficients: {{1., 0.000000113139491, 0., -0.000000001555262754}, {1., 0.000000113139491, 0., -0.000000001555262754}}


r2: {3.18284615, 3.18284615}
r2f: {3.18284615}


r3: {6.975440461, 6.975440461}
r3f: {6.975440461}


alpha: {4.5, 4.5}
alphaf: {4.5}




~~~XDM (a1=0.65, a2=3.17474)~~~

M1^2: {3.182846176, 3.182846176}
M1f^2: {3.18284615}

M2^2: {16.88418469, 16.88418469}
M2f^2: {16.88418269}

M3^2: {125.3927666, 125.3927666}
M3f^2: {125.3927637}

C6XDM: {{7.161403896, 7.161403896}, {7.161403896, 7.161403896}}
C6XDMf: {7.161403837}

C8XDM: {{113.9682467, 113.9682467}, {113.9682467, 113.9682467}}
C8XDMf: {113.9682331}

C10XDM: {{1974.936248, 1974.936248}, {1974.936248, 1974.936248}}
C10XDMf: {1974.936028}

EXDMC6: {-0.0000006287101043}
EXDMC8: {-0.00000004446861086}
EXDMC10: {-0.00000000342483932}

EXDMBJC6: {-0.0000006265636242}
EXDMBJC8: {-0.00000004444565758}
EXDMBJC10: {-0.00000000342457271}

EXDM: {-0.0000006766035544}
EXDMBJ: {-0.0000006744338545}




~~~TS (dTS=20, sR=0.62)~~~

C6TS: {{7.161403837, 7.161403837}, {7.161403837, 7.161403837}}
C6TSf: {7.161403837}

ETS: {-0.0000006287100991}
ETSWY: {-0.0000006287100991}




~~~MBD~~~

 alpha: {4.500016021, 4.500016021}
  C6ii: {7.161435702, 7.161435702}
 omega: {0.4715315035, 0.4715315035}
lambda: {0.2229348726, 0.2226384157, 0.2226384157, 0.2220455018, 0.2220455018, 0.2217490449}
Energy: {-0.0000006287139445}

~~~MBD@rsSCS (drsSCS=6, sR=0.62)~~~

 alpha: {4.5, 4.5}
  C6ii: {7.161403837, 7.161403837}
 omega: {0.4715327629, 0.4715327629}
lambda: {0.2229360614, 0.222639604, 0.222639604, 0.222046689, 0.222046689, 0.2217502316}
Energy: {-0.0000006287111125}




~~~MBDFree1~~~

 alpha: {4.500016021, 4.500016021}
  C6ii: {7.161435702, 7.161435702}
 omega: {0.4715315035, 0.4715315035}
lambda: {0.2229348726, 0.2226384157, 0.2226384157, 0.2220455018, 0.2220455018, 0.2217490449}
Energy: {-0.0000006287139447}

~~~MBDFree1@rsSCS (drsSCS=6, sR=0.62)~~~

 alpha: {4.5, 4.5}
  C6ii: {7.161403837, 7.161403837}
 omega: {0.4715327629, 0.4715327629}
lambda: {0.2229360614, 0.222639604, 0.222639604, 0.222046689, 0.222046689, 0.2217502316}
Energy: {-0.0000006287111123}




~~~MBDFree2~~~

 alpha: {4.500016021, 4.500016021}
  C6ii: {7.161435702, 7.161435702}
 omega: {0.4715315035, 0.4715315035}
lambda: {0.2229348726, 0.2226384157, 0.2226384157, 0.2220455018, 0.2220455018, 0.2217490449}
Energy: {-0.0000006287139447}

~~~MBDFree2@rsSCS (drsSCS=6, sR=0.62)~~~

 alpha: {4.5, 4.5}
  C6ii: {7.161403837, 7.161403837}
 omega: {0.4715327629, 0.4715327629}
lambda: {0.2229360614, 0.222639604, 0.222639604, 0.222046689, 0.222046689, 0.2217502316}
Energy: {-0.0000006287111125}




~~~MBD@XDM1~~~

 alpha: {4.50001604, 4.50001604}
  C6ii: {7.161435762, 7.161435762}
 omega: {0.4715315035, 0.4715315035}
lambda: {0.2229348726, 0.2226384157, 0.2226384157, 0.2220455018, 0.2220455018, 0.2217490449}
Energy: {-0.00000062871395}

~~~MBD@XDM1@rsSCS (drsSCS=6, sR=0.62)~~~

 alpha: {4.500000019, 4.500000019}
  C6ii: {7.161403896, 7.161403896}
 omega: {0.4715327629, 0.4715327629}
lambda: {0.2229360614, 0.222639604, 0.222639604, 0.222046689, 0.222046689, 0.2217502316}
Energy: {-0.0000006287111176}




~~~MBD@XDM2~~~

 alpha: {4.500016021, 4.500016021}
  C6ii: {7.161435762, 7.161435762}
 omega: {0.4715315074, 0.4715315074}
lambda: {0.2229348763, 0.2226384194, 0.2226384194, 0.2220455055, 0.2220455055, 0.2217490485}
Energy: {-0.0000006287139496}

~~~MBD@XDM2@rsSCS (drsSCS=6, sR=0.62)~~~

 alpha: {4.5, 4.5}
  C6ii: {7.161403896, 7.161403896}
 omega: {0.4715327668, 0.4715327668}
lambda: {0.2229360651, 0.2226396076, 0.2226396076, 0.2220466927, 0.2220466927, 0.2217502352}
Energy: {-0.0000006287111178}




    ENERGY MATRIX: {Non-Interacting, Electron-Nuclear, Electron-Electron, Nuclear-Nuclear, Total Energy}
Oscillator 1 Energy: {0.7072995, -0.06666666312, 0.03333335709, 0.03333333111, 0.7072995251}
Oscillator 2 Energy: {0.7072995, -0.06666666312, 0.03333335709, 0.03333333111, 0.7072995251}
Energy Totals: {1.414599, -0.1333333262, 0.06666671418, 0.06666666222, 1.41459905}


    COEFFICIENT MATRIX: {c1, c2, c5, c6, c11, c14}
Oscillator 1 Cs: {1., 0.000000113139491, 0., -0.000000001555262754}
Oscillator 2 Cs: {1., 0.000000113139491, 0., -0.000000001555262754}


    GENERAL RESULTS: {R, E, r2, r2f, r3, r3f, alpha, alphaf}
Oscillator 1 General Results: {15.000001, 1.41459905, 3.18284615, 3.18284615, 6.975440461, 6.975440461, 4.5, 4.5}
Oscillator 2 General Results: {15.000001, 1.41459905, 3.18284615, 3.18284615, 6.975440461, 6.975440461, 4.5, 4.5}


    XDM RESULTS: {M1^2, M1f^2, M2^2, M2f^2, M3^2, M3f^2, C6XDMii, C6XDMij, C6XDMf, C8XDMii, C8XDMij, C8XDMf, C10XDMii, C10XDMij, C10XDMf, EXDMC6, EXDMC8, EXDMC10, EXDMBJC6, EXDMBJC8, EXDMBJC10, EXDM, EXDMBJ}
Oscillator 1 XDM Results: {3.182846176, 3.18284615, 16.88418469, 16.88418269, 125.3927666, 125.3927637, 7.161403896, {{7.161403896, 7.161403896}, {7.161403896, 7.161403896}}, 7.161403837, 113.9682467, {{113.9682467, 113.9682467}, {113.9682467, 113.9682467}}, 113.9682331, 1974.936248, {{1974.936248, 1974.936248}, {1974.936248, 1974.936248}}, 1974.936028, -0.0000006287101043, -0.00000004446861086, -0.00000000342483932, -0.0000006265636242, -0.00000004444565758, -0.00000000342457271, -0.0000006766035544, -0.0000006744338545}
Oscillator 2 XDM Results: {3.182846176, 3.18284615, 16.88418469, 16.88418269, 125.3927666, 125.3927637, 7.161403896, {{7.161403896, 7.161403896}, {7.161403896, 7.161403896}}, 7.161403837, 113.9682467, {{113.9682467, 113.9682467}, {113.9682467, 113.9682467}}, 113.9682331, 1974.936248, {{1974.936248, 1974.936248}, {1974.936248, 1974.936248}}, 1974.936028, -0.0000006287101043, -0.00000004446861086, -0.00000000342483932, -0.0000006265636242, -0.00000004444565758, -0.00000000342457271, -0.0000006766035544, -0.0000006744338545}


    TS RESULTS: {C6TSii, C6TSij, C6TSf, ETS, ETSWY}
Oscillator 1 TS Results: {7.161403837, {{7.161403837, 7.161403837}, {7.161403837, 7.161403837}}, 7.161403837, -0.0000006287100991, -0.0000006287100991}
Oscillator 2 TS Results: {7.161403837, {{7.161403837, 7.161403837}, {7.161403837, 7.161403837}}, 7.161403837, -0.0000006287100991, -0.0000006287100991}


    MBD RESULTS: {MBD_alpha, MBD_C6, MBD_omega, MBD_Energy, MBDF1_alpha, MBDF1_C6, MBDF1_omega, MBDF1_Energy, MBDF2_alpha, MBDF2_C6, MBDF2_omega, MBDF2_Energy, MBDX1_alpha, MBDX1_C6, MBDX1_omega, MBDX1_Energy, MBDX2_alpha, MBDX2_C6, MBDX2_omega, MBDX2_Energy}
Oscillator 1 MBD Results: {4.500016021, 7.161435702, 0.4715315035, -0.0000006287139445, 4.500016021, 7.161435702, 0.4715315035, -0.0000006287139447, 4.500016021, 7.161435702, 0.4715315035, -0.0000006287139447, 4.50001604, 7.161435762, 0.4715315035, -0.00000062871395, 4.500016021, 7.161435762, 0.4715315074, -0.0000006287139496}
Oscillator 2 MBD Results: {4.500016021, 7.161435702, 0.4715315035, -0.0000006287139445, 4.500016021, 7.161435702, 0.4715315035, -0.0000006287139447, 4.500016021, 7.161435702, 0.4715315035, -0.0000006287139447, 4.50001604, 7.161435762, 0.4715315035, -0.00000062871395, 4.500016021, 7.161435762, 0.4715315074, -0.0000006287139496}


    MBDRSSCS RESULTS: {MBDrsSCS_alpha, MBDrsSCS_C6, MBDrsSCS_omega, MBDrsSCS_Energy, MBDF1rsSCS_alpha, MBDF1rsSCS_C6, MBDF1rsSCS_omega, MBDF1rsSCS_Energy, MBDF2rsSCS_alpha, MBDF2rsSCS_C6, MBDF2rsSCS_omega, MBDF2rsSCS_Energy, MBDX1rsSCS_alpha, MBDX1rsSCS_C6, MBDX1rsSCS_omega, MBDX1rsSCS_Energy, MBDX2rsSCS_alpha, MBDX2rsSCS_C6, MBDX2rsSCS_omega, MBDX2rsSCS_Energy}
Oscillator 1 MBDrsSCS Results: {4.5, 7.161403837, 0.4715327629, -0.0000006287111125, 4.5, 7.161403837, 0.4715327629, -0.0000006287111123, 4.5, 7.161403837, 0.4715327629, -0.0000006287111125, 4.500000019, 7.161403896, 0.4715327629, -0.0000006287111176, 4.5, 7.161403896, 0.4715327668, -0.0000006287111178}
Oscillator 2 MBDrsSCS Results: {4.5, 7.161403837, 0.4715327629, -0.0000006287111125, 4.5, 7.161403837, 0.4715327629, -0.0000006287111123, 4.5, 7.161403837, 0.4715327629, -0.0000006287111125, 4.500000019, 7.161403896, 0.4715327629, -0.0000006287111176, 4.5, 7.161403896, 0.4715327668, -0.0000006287111178}


         {R, Energy}
SUMMARY: {15.000001, 1.41459905}