Oscillators N=2 2022-12-24  w=0.471533 a=4.50000.nb ( N = 2, M = 4 )
~~~~~~~~~~~~~~~~~~~~~~~~~~~~~~~~~~~~~~
Run Commenced: Tue 27 Dec 2022 12:47:24
Run Completed: Tue 27 Dec 2022 13:05:22
Time Elapsed: 00:17:57

Oscillators Used: 2
Wavefunctions Used: 4
Internuclear Separation: 1.6
omega: 0.472
nu : 0.235638

For display purposes, the threshold of Hamiltonian matrix elements has been set to: 10^-6.


    Hamiltonian Matrix A:    < psi_{i,A} | H_k | psi_{j,A} >
    H_1 = T_kin,    H_2 = V_pot,    H_3 = V_1-B,    H_4 = V_A-B

HijkA: {{{0.35364975, 0.35364975, -0.549789324, 0.6249996094}, {0., 0., -0.2047045387, 0.}, {0.2887538117, -0.2887538117, -0.09463556358, 0.}, {0., 0., -0.09441731482, 0.}}, {{0., 0., -0.2047045387, 0.}, {0.58941625, 0.58941625, -0.5815435245, 0.6249996094}, {0., 0., 0.02013711432, 0.}, {0., 0., -0.2108256836, 0.}}, {{0.2887538117, -0.2887538117, -0.09463556358, 0.}, {0., 0., 0.02013711432, 0.}, {0.82518275, 0.82518275, -0.4179312236, 0.6249996094}, {0., 0., 0.0223450347, 0.}}, {{0., 0., -0.09441731482, 0.}, {0., 0., -0.2108256836, 0.}, {0., 0., 0.0223450347, 0.}, {0.82518275, 0.82518275, -0.4926650634, 0.6249996094}}}
0.35365      0.           0.288754     0.
0.35365      0.           -0.288754    0.
-0.549789    -0.204705    -0.0946356   -0.0944173
0.625        0.           0.           0.

0.           0.589416     0.           0.
0.           0.589416     0.           0.
-0.204705    -0.581544    0.0201371    -0.210826
0.           0.625        0.           0.

0.288754     0.           0.825183     0.
-0.288754    0.           0.825183     0.
-0.0946356   0.0201371    -0.417931    0.022345
0.           0.           0.625        0.

0.           0.           0.           0.825183
0.           0.           0.           0.825183
-0.0944173   -0.210826    0.022345     -0.492665
0.           0.           0.           0.625


    Hamiltonian Matrix B:    < psi_{i,B} | H_k | psi_{j,B} >
    H_1 = T_kin,    H_2 = V_pot,    H_3 = V_2-A,    H_4 = V_B-A 

HijkB: {{{0.35364975, 0.35364975, -0.549789324, 0.6249996094}, {0., 0., -0.2047045387, 0.}, {0.2887538117, -0.2887538117, -0.09463556358, 0.}, {0., 0., -0.09441731482, 0.}}, {{0., 0., -0.2047045387, 0.}, {0.58941625, 0.58941625, -0.5815435245, 0.6249996094}, {0., 0., 0.02013711432, 0.}, {0., 0., -0.2108256836, 0.}}, {{0.2887538117, -0.2887538117, -0.09463556358, 0.}, {0., 0., 0.02013711432, 0.}, {0.82518275, 0.82518275, -0.4179312236, 0.6249996094}, {0., 0., 0.0223450347, 0.}}, {{0., 0., -0.09441731482, 0.}, {0., 0., -0.2108256836, 0.}, {0., 0., 0.0223450347, 0.}, {0.82518275, 0.82518275, -0.4926650634, 0.6249996094}}}
0.35365      0.           0.288754     0.
0.35365      0.           -0.288754    0.
-0.549789    -0.204705    -0.0946356   -0.0944173
0.625        0.           0.           0.

0.           0.589416     0.           0.
0.           0.589416     0.           0.
-0.204705    -0.581544    0.0201371    -0.210826
0.           0.625        0.           0.

0.288754     0.           0.825183     0.
-0.288754    0.           0.825183     0.
-0.0946356   0.0201371    -0.417931    0.022345
0.           0.           0.625        0.

0.           0.           0.           0.825183
0.           0.           0.           0.825183
-0.0944173   -0.210826    0.022345     -0.492665
0.           0.           0.           0.625


    Hamiltonian Matrix AB:    < psi_{i1,A} <psi_{i2,B} | V_e-e | psi_{i3,A} <psi_{i4,B} >

HijkAB: {{{{0.4551895031, 0.1002146662, 0.06114793691, 0.02527471296}, {0.1002146662, -0.02121284863, 0.04769391984, -0.01909928239}, {0.06098933517, 0.04769391984, 0.02260649766, 0.02146176028}, {0.02527471296, -0.01910077023, 0.02146176028, 0.002727953035}}, {{0.1002146662, 0.4346046211, -0.03436085183, 0.09690947995}, {-0.02121284863, 0.03977575475, 0.02389149081, -0.03890828651}, {0.04769391984, 0.06753158829, -0.001906571225, 0.04427331646}, {-0.01910077023, 0.01082763967, 0.004985366175, -0.007136002239}}, {{0.06114793691, -0.03436085183, 0.3779907703, -0.01981213775}, {0.04769391984, 0.02389149081, 0.05949205516, 0.02037440675}, {0.02260649766, -0.001906571225, 0.03607691782, -0.009569470285}, {0.02146176028, 0.004985366175, 0.01563787413, -0.0063231377}}, {{0.02527471296, 0.09690947995, -0.01981213775, 0.3874989977}, {-0.01909928239, -0.03890828651, 0.02037440675, 0.01483367042}, {0.02146176028, 0.04427331646, -0.009569470285, 0.04715367305}, {0.002727953035, -0.007136002239, -0.0063231377, 0.01070841286}}}, {{{0.1002146662, -0.02121284863, 0.04769391984, -0.01909928239}, {0.4346046211, 0.03977575475, 0.06753158829, 0.01083138244}, {-0.03436085183, 0.02389026517, -0.001906571225, 0.004985366175}, {0.09690947995, -0.03890828651, 0.04427331646, -0.007136002239}}, {{-0.02121284863, 0.03977575475, 0.02389149081, -0.03890828651}, {0.03977575475, 0.3916819706, -0.02734654271, 0.05260452356}, {0.02389026517, -0.02734654271, -0.00413917174, 0.01653237837}, {-0.03890828651, 0.05260452356, 0.01653237837, -0.03992586701}}, {{0.04769391984, 0.02389149081, 0.05949205516, 0.02037440675}, {0.06753158829, -0.02734654271, 0.3667725287, -0.01912569414}, {-0.001906571225, -0.00413917174, -0.02170775675, -0.004542763613}, {0.04427331646, 0.01653237837, 0.06165318405, 0.01048538038}}, {{-0.01909928239, -0.03890828651, 0.02037440675, 0.01483367042}, {0.01084283827, 0.05260452356, -0.01912569414, 0.3610785228}, {0.004985366175, 0.01653237837, -0.004542763613, -0.02669258061}, {-0.007136002239, -0.03992586701, 0.01048538038, 0.02639727044}}}, {{{0.06098933517, 0.04769391984, 0.02260649766, 0.02146176028}, {-0.03436085183, 0.02389026517, -0.001906571225, 0.004985366175}, {0.3779695688, 0.05949205516, 0.03609265716, 0.01563787413}, {-0.01981213775, 0.02037466052, -0.009569470285, -0.006351482693}}, {{0.04769391984, 0.06753158829, -0.001906571225, 0.04427331646}, {0.02389026517, -0.02734654271, -0.00413917174, 0.01653237837}, {0.05949205516, 0.3667725287, -0.02170775675, 0.06165318405}, {0.02037466052, -0.01912569414, -0.004542763613, 0.01048538038}}, {{0.02260649766, -0.001906571225, 0.03607691782, -0.009569470285}, {-0.001906571225, -0.00413917174, -0.02170775675, -0.004542763613}, {0.03609265716, -0.02170775675, 0.3271505501, -0.007371286467}, {-0.009569470285, -0.004542763613, -0.007371286467, 0.007174325754}}, {{0.02146176028, 0.04427331646, -0.009569470285, 0.04715367305}, {0.004985366175, 0.01653237837, -0.004542763613, -0.02669258061}, {0.01563787413, 0.06165318405, -0.007371286467, 0.3370316114}, {-0.006351384506, 0.01048538038, 0.007174325754, -0.01264495921}}}, {{{0.02527471296, -0.01910077023, 0.02146176028, 0.002727953035}, {0.09690947995, -0.03890828651, 0.04427331646, -0.007136002239}, {-0.01981213775, 0.02037466052, -0.009569470285, -0.006351482693}, {0.3874989977, 0.01483367042, 0.04715367305, 0.01070841286}}, {{-0.01910077023, 0.01082763967, 0.004985366175, -0.007136002239}, {-0.03890828651, 0.05260452356, 0.01653237837, -0.03992586701}, {0.02037466052, -0.01912569414, -0.004542763613, 0.01048538038}, {0.01483367042, 0.3610785228, -0.02669293122, 0.02639727044}}, {{0.02146176028, 0.004985366175, 0.01563787413, -0.006323052011}, {0.04427331646, 0.01653237837, 0.06165318405, 0.01048538038}, {-0.009569470285, -0.004542763613, -0.007371286467, 0.007174325754}, {0.04715367305, -0.02669293122, 0.3370316114, -0.01264495921}}, {{0.002727953035, -0.007136002239, -0.006323052011, 0.01070841286}, {-0.007136002239, -0.03992586701, 0.01048538038, 0.02639727044}, {-0.006351384506, 0.01048538038, 0.007174325754, -0.01264495921}, {0.01070841286, 0.02639727044, -0.01264495921, 0.3316756103}}}}
0.45519     0.100215    0.0611479   0.0252747     0.100215    0.434605    -0.0343609  0.0969095     0.0611479   -0.0343609  0.377991    -0.0198121    0.0252747   0.0969095   -0.0198121  0.387499
0.100215    -0.0212128  0.0476939   -0.0190993    -0.0212128  0.0397758   0.0238915   -0.0389083    0.0476939   0.0238915   0.0594921   0.0203744     -0.0190993  -0.0389083  0.0203744   0.0148337
0.0609893   0.0476939   0.0226065   0.0214618     0.0476939   0.0675316   -0.00190657 0.0442733     0.0226065   -0.00190657 0.0360769   -0.00956947   0.0214618   0.0442733   -0.00956947 0.0471537
0.0252747   -0.0191008  0.0214618   0.00272795    -0.0191008  0.0108276   0.00498537  -0.007136     0.0214618   0.00498537  0.0156379   -0.00632314   0.00272795  -0.007136   -0.00632314 0.0107084

0.100215    -0.0212128  0.0476939   -0.0190993    -0.0212128  0.0397758   0.0238915   -0.0389083    0.0476939   0.0238915   0.0594921   0.0203744     -0.0190993  -0.0389083  0.0203744   0.0148337
0.434605    0.0397758   0.0675316   0.0108314     0.0397758   0.391682    -0.0273465  0.0526045     0.0675316   -0.0273465  0.366773    -0.0191257    0.0108428   0.0526045   -0.0191257  0.361079
-0.0343609  0.0238903   -0.00190657 0.00498537    0.0238903   -0.0273465  -0.00413917 0.0165324     -0.00190657 -0.00413917 -0.0217078  -0.00454276   0.00498537  0.0165324   -0.00454276 -0.0266926
0.0969095   -0.0389083  0.0442733   -0.007136     -0.0389083  0.0526045   0.0165324   -0.0399259    0.0442733   0.0165324   0.0616532   0.0104854     -0.007136   -0.0399259  0.0104854   0.0263973

0.0609893   0.0476939   0.0226065   0.0214618     0.0476939   0.0675316   -0.00190657 0.0442733     0.0226065   -0.00190657 0.0360769   -0.00956947   0.0214618   0.0442733   -0.00956947 0.0471537
-0.0343609  0.0238903   -0.00190657 0.00498537    0.0238903   -0.0273465  -0.00413917 0.0165324     -0.00190657 -0.00413917 -0.0217078  -0.00454276   0.00498537  0.0165324   -0.00454276 -0.0266926
0.37797     0.0594921   0.0360927   0.0156379     0.0594921   0.366773    -0.0217078  0.0616532     0.0360927   -0.0217078  0.327151    -0.00737129   0.0156379   0.0616532   -0.00737129 0.337032
-0.0198121  0.0203747   -0.00956947 -0.00635148   0.0203747   -0.0191257  -0.00454276 0.0104854     -0.00956947 -0.00454276 -0.00737129 0.00717433    -0.00635138 0.0104854   0.00717433  -0.012645

0.0252747   -0.0191008  0.0214618   0.00272795    -0.0191008  0.0108276   0.00498537  -0.007136     0.0214618   0.00498537  0.0156379   -0.00632305   0.00272795  -0.007136   -0.00632305 0.0107084
0.0969095   -0.0389083  0.0442733   -0.007136     -0.0389083  0.0526045   0.0165324   -0.0399259    0.0442733   0.0165324   0.0616532   0.0104854     -0.007136   -0.0399259  0.0104854   0.0263973
-0.0198121  0.0203747   -0.00956947 -0.00635148   0.0203747   -0.0191257  -0.00454276 0.0104854     -0.00956947 -0.00454276 -0.00737129 0.00717433    -0.00635138 0.0104854   0.00717433  -0.012645
0.387499    0.0148337   0.0471537   0.0107084     0.0148337   0.361079    -0.0266929  0.0263973     0.0471537   -0.0266929  0.337032    -0.012645     0.0107084   0.0263973   -0.012645   0.331676


    Hamiltonian Matrix BA:    < psi_{i1,B} <psi_{i2,A} | V_e-e | psi_{i3,B} <psi_{i4,A} >

HijkBA: {{{{0.4551895031, 0.1002146662, 0.06114793691, 0.02527471296}, {0.1002146662, -0.02121284863, 0.04769391984, -0.01909928239}, {0.06098933517, 0.04769391984, 0.02260649766, 0.02146176028}, {0.02527471296, -0.01910077023, 0.02146176028, 0.002727953035}}, {{0.1002146662, 0.4346046211, -0.03436085183, 0.09690947995}, {-0.02121284863, 0.03977575475, 0.02389149081, -0.03890828651}, {0.04769391984, 0.06753158829, -0.001906571225, 0.04427331646}, {-0.01910077023, 0.01082763967, 0.004985366175, -0.007136002239}}, {{0.06114793691, -0.03436085183, 0.3779907703, -0.01981213775}, {0.04769391984, 0.02389149081, 0.05949205516, 0.02037440675}, {0.02260649766, -0.001906571225, 0.03607691782, -0.009569470285}, {0.02146176028, 0.004985366175, 0.01563787413, -0.0063231377}}, {{0.02527471296, 0.09690947995, -0.01981213775, 0.3874989977}, {-0.01909928239, -0.03890828651, 0.02037440675, 0.01483367042}, {0.02146176028, 0.04427331646, -0.009569470285, 0.04715367305}, {0.002727953035, -0.007136002239, -0.0063231377, 0.01070841286}}}, {{{0.1002146662, -0.02121284863, 0.04769391984, -0.01909928239}, {0.4346046211, 0.03977575475, 0.06753158829, 0.01083138244}, {-0.03436085183, 0.02389026517, -0.001906571225, 0.004985366175}, {0.09690947995, -0.03890828651, 0.04427331646, -0.007136002239}}, {{-0.02121284863, 0.03977575475, 0.02389149081, -0.03890828651}, {0.03977575475, 0.3916819706, -0.02734654271, 0.05260452356}, {0.02389026517, -0.02734654271, -0.00413917174, 0.01653237837}, {-0.03890828651, 0.05260452356, 0.01653237837, -0.03992586701}}, {{0.04769391984, 0.02389149081, 0.05949205516, 0.02037440675}, {0.06753158829, -0.02734654271, 0.3667725287, -0.01912569414}, {-0.001906571225, -0.00413917174, -0.02170775675, -0.004542763613}, {0.04427331646, 0.01653237837, 0.06165318405, 0.01048538038}}, {{-0.01909928239, -0.03890828651, 0.02037440675, 0.01483367042}, {0.01084283827, 0.05260452356, -0.01912569414, 0.3610785228}, {0.004985366175, 0.01653237837, -0.004542763613, -0.02669258061}, {-0.007136002239, -0.03992586701, 0.01048538038, 0.02639727044}}}, {{{0.06098933517, 0.04769391984, 0.02260649766, 0.02146176028}, {-0.03436085183, 0.02389026517, -0.001906571225, 0.004985366175}, {0.3779695688, 0.05949205516, 0.03609265716, 0.01563787413}, {-0.01981213775, 0.02037466052, -0.009569470285, -0.006351482693}}, {{0.04769391984, 0.06753158829, -0.001906571225, 0.04427331646}, {0.02389026517, -0.02734654271, -0.00413917174, 0.01653237837}, {0.05949205516, 0.3667725287, -0.02170775675, 0.06165318405}, {0.02037466052, -0.01912569414, -0.004542763613, 0.01048538038}}, {{0.02260649766, -0.001906571225, 0.03607691782, -0.009569470285}, {-0.001906571225, -0.00413917174, -0.02170775675, -0.004542763613}, {0.03609265716, -0.02170775675, 0.3271505501, -0.007371286467}, {-0.009569470285, -0.004542763613, -0.007371286467, 0.007174325754}}, {{0.02146176028, 0.04427331646, -0.009569470285, 0.04715367305}, {0.004985366175, 0.01653237837, -0.004542763613, -0.02669258061}, {0.01563787413, 0.06165318405, -0.007371286467, 0.3370316114}, {-0.006351384506, 0.01048538038, 0.007174325754, -0.01264495921}}}, {{{0.02527471296, -0.01910077023, 0.02146176028, 0.002727953035}, {0.09690947995, -0.03890828651, 0.04427331646, -0.007136002239}, {-0.01981213775, 0.02037466052, -0.009569470285, -0.006351482693}, {0.3874989977, 0.01483367042, 0.04715367305, 0.01070841286}}, {{-0.01910077023, 0.01082763967, 0.004985366175, -0.007136002239}, {-0.03890828651, 0.05260452356, 0.01653237837, -0.03992586701}, {0.02037466052, -0.01912569414, -0.004542763613, 0.01048538038}, {0.01483367042, 0.3610785228, -0.02669293122, 0.02639727044}}, {{0.02146176028, 0.004985366175, 0.01563787413, -0.006323052011}, {0.04427331646, 0.01653237837, 0.06165318405, 0.01048538038}, {-0.009569470285, -0.004542763613, -0.007371286467, 0.007174325754}, {0.04715367305, -0.02669293122, 0.3370316114, -0.01264495921}}, {{0.002727953035, -0.007136002239, -0.006323052011, 0.01070841286}, {-0.007136002239, -0.03992586701, 0.01048538038, 0.02639727044}, {-0.006351384506, 0.01048538038, 0.007174325754, -0.01264495921}, {0.01070841286, 0.02639727044, -0.01264495921, 0.3316756103}}}}
0.45519     0.100215    0.0611479   0.0252747     0.100215    0.434605    -0.0343609  0.0969095     0.0611479   -0.0343609  0.377991    -0.0198121    0.0252747   0.0969095   -0.0198121  0.387499
0.100215    -0.0212128  0.0476939   -0.0190993    -0.0212128  0.0397758   0.0238915   -0.0389083    0.0476939   0.0238915   0.0594921   0.0203744     -0.0190993  -0.0389083  0.0203744   0.0148337
0.0609893   0.0476939   0.0226065   0.0214618     0.0476939   0.0675316   -0.00190657 0.0442733     0.0226065   -0.00190657 0.0360769   -0.00956947   0.0214618   0.0442733   -0.00956947 0.0471537
0.0252747   -0.0191008  0.0214618   0.00272795    -0.0191008  0.0108276   0.00498537  -0.007136     0.0214618   0.00498537  0.0156379   -0.00632314   0.00272795  -0.007136   -0.00632314 0.0107084

0.100215    -0.0212128  0.0476939   -0.0190993    -0.0212128  0.0397758   0.0238915   -0.0389083    0.0476939   0.0238915   0.0594921   0.0203744     -0.0190993  -0.0389083  0.0203744   0.0148337
0.434605    0.0397758   0.0675316   0.0108314     0.0397758   0.391682    -0.0273465  0.0526045     0.0675316   -0.0273465  0.366773    -0.0191257    0.0108428   0.0526045   -0.0191257  0.361079
-0.0343609  0.0238903   -0.00190657 0.00498537    0.0238903   -0.0273465  -0.00413917 0.0165324     -0.00190657 -0.00413917 -0.0217078  -0.00454276   0.00498537  0.0165324   -0.00454276 -0.0266926
0.0969095   -0.0389083  0.0442733   -0.007136     -0.0389083  0.0526045   0.0165324   -0.0399259    0.0442733   0.0165324   0.0616532   0.0104854     -0.007136   -0.0399259  0.0104854   0.0263973

0.0609893   0.0476939   0.0226065   0.0214618     0.0476939   0.0675316   -0.00190657 0.0442733     0.0226065   -0.00190657 0.0360769   -0.00956947   0.0214618   0.0442733   -0.00956947 0.0471537
-0.0343609  0.0238903   -0.00190657 0.00498537    0.0238903   -0.0273465  -0.00413917 0.0165324     -0.00190657 -0.00413917 -0.0217078  -0.00454276   0.00498537  0.0165324   -0.00454276 -0.0266926
0.37797     0.0594921   0.0360927   0.0156379     0.0594921   0.366773    -0.0217078  0.0616532     0.0360927   -0.0217078  0.327151    -0.00737129   0.0156379   0.0616532   -0.00737129 0.337032
-0.0198121  0.0203747   -0.00956947 -0.00635148   0.0203747   -0.0191257  -0.00454276 0.0104854     -0.00956947 -0.00454276 -0.00737129 0.00717433    -0.00635138 0.0104854   0.00717433  -0.012645

0.0252747   -0.0191008  0.0214618   0.00272795    -0.0191008  0.0108276   0.00498537  -0.007136     0.0214618   0.00498537  0.0156379   -0.00632305   0.00272795  -0.007136   -0.00632305 0.0107084
0.0969095   -0.0389083  0.0442733   -0.007136     -0.0389083  0.0526045   0.0165324   -0.0399259    0.0442733   0.0165324   0.0616532   0.0104854     -0.007136   -0.0399259  0.0104854   0.0263973
-0.0198121  0.0203747   -0.00956947 -0.00635148   0.0203747   -0.0191257  -0.00454276 0.0104854     -0.00956947 -0.00454276 -0.00737129 0.00717433    -0.00635138 0.0104854   0.00717433  -0.012645
0.387499    0.0148337   0.0471537   0.0107084     0.0148337   0.361079    -0.0266929  0.0263973     0.0471537   -0.0266929  0.337032    -0.012645     0.0107084   0.0263973   -0.012645   0.331676


Energy:  {1.305118795}


Coefficients: {{0.9292301068, 0.3420184884, -0.009678519653, 0.1395030052}, {0.9292301068, 0.3420184884, -0.009678519653, 0.1395030052}}


r2: {3.560789678, 3.560789678}
r2f: {3.18284615}


r3: {8.245353488, 8.245353488}
r3f: {6.975440461}


alpha: {5.319246993, 5.319246993}
alphaf: {4.5}




~~~XDM (a1=0.65, a2=3.17474)~~~

M1^2: {3.665243153, 3.665243153}
M1f^2: {3.18284615}

M2^2: {19.16282846, 19.16282846}
M2f^2: {16.88418269}

M3^2: {168.5011383, 168.5011383}
M3f^2: {125.3927637}

C6XDM: {{9.748166811, 9.748166811}, {9.748166811, 9.748166811}}
C6XDMf: {7.161403837}

C8XDM: {{152.8977265, 152.8977265}, {152.8977265, 152.8977265}}
C8XDMf: {113.9682331}

C10XDM: {{2911.742123, 2911.742123}, {2911.742123, 2911.742123}}
C10XDMf: {1974.936028}

EXDMC6: {-0.5810338411}
EXDMC8: {-3.559909808}
EXDMC10: {-26.48197483}

EXDMBJC6: {-0.0002359879445}
EXDMBJC8: {-0.000107130306}
EXDMBJC10: {-0.00005902791262}

EXDM: {-30.62291848}
EXDMBJ: {-0.0004021461632}




~~~TS (dTS=20, sR=0.62)~~~

C6TS: {{10.00629841, 10.00629841}, {10.00629841, 10.00629841}}
C6TSf: {7.161403837}

ETS: {-0.5964196259}
ETSWY: {-0.000003228279893}




~~~MBD~~~

 alpha: {4.116643372, 4.116643372}
  C6ii: {7.081665127, 7.081665127}
 omega: {0.5571698817, 0.5571698817}
lambda: {0.4689996132, 0.4689996132, 0.3484394814, 0.2724370728, 0.151876941, 0.151876941}
Energy: {-0.04083892155}

~~~MBD@rsSCS (drsSCS=6, sR=0.62)~~~

 alpha: {4.135768981, 4.135768981}
  C6ii: {7.11274207, 7.11274207}
 omega: {0.5544511051, 0.5544511051}
lambda: {0.3233272066, 0.3153716173, 0.3153716173, 0.2994604386, 0.2994604386, 0.2915048493}
Energy: {-0.0002786693203}




~~~MBDFree1~~~

 alpha: {3.619132529, 3.619132529}
  C6ii: {5.415701464, 5.415701464}
 omega: {0.5512955402, 0.5512955402}
lambda: {0.4508320606, 0.4508320606, 0.3524553948, 0.2553981504, 0.1570214846, 0.1570214846}
Energy: {-0.03666253718}

~~~MBDFree1@rsSCS (drsSCS=6, sR=0.62)~~~

 alpha: {3.632238825, 3.632238825}
  C6ii: {5.430162248, 5.430162248}
 omega: {0.5487856543, 0.5487856543}
lambda: {0.314855569, 0.3080106317, 0.3080106317, 0.2943207571, 0.2943207571, 0.2874758198}
Energy: {-0.0002127171186}




~~~MBDFree2~~~

 alpha: {3.619132529, 3.619132529}
  C6ii: {7.567109216, 7.567109216}
 omega: {0.7702997646, 0.7702997646}
lambda: {0.8801675743, 0.8801675743, 0.6881050328, 0.4986184218, 0.3065558803, 0.3065558803}
Energy: {-0.05122686781}

~~~MBDFree2@rsSCS (drsSCS=6, sR=0.62)~~~

 alpha: {3.632238825, 3.632238825}
  C6ii: {7.587314601, 7.587314601}
 omega: {0.7667928172, 0.7667928172}
lambda: {0.6146982139, 0.6013347192, 0.6013347192, 0.5746077298, 0.5746077298, 0.5612442351}
Energy: {-0.0002972197931}




~~~MBD@XDM1~~~

 alpha: {4.075270834, 4.075270834}
  C6ii: {6.935244822, 6.935244822}
 omega: {0.5567850691, 0.5567850691}
lambda: {0.4676906298, 0.4676906298, 0.3488957001, 0.2711235263, 0.1523285965, 0.1523285965}
Energy: {-0.04049855479}

~~~MBD@XDM1@rsSCS (drsSCS=6, sR=0.62)~~~

 alpha: {4.093889019, 4.093889019}
  C6ii: {6.964745239, 6.964745239}
 omega: {0.5540791926, 0.5540791926}
lambda: {0.3227326868, 0.3148682192, 0.3148682192, 0.2991392841, 0.2991392841, 0.2912748165}
Energy: {-0.0002728675103}




~~~MBD@XDM2~~~

 alpha: {4.116643372, 4.116643372}
  C6ii: {6.898980032, 6.898980032}
 omega: {0.5427966191, 0.5427966191}
lambda: {0.4451142395, 0.4451142395, 0.3306940356, 0.2585623038, 0.1441420998, 0.1441420998}
Energy: {-0.03978540346}

~~~MBD@XDM2@rsSCS (drsSCS=6, sR=0.62)~~~

 alpha: {4.135768981, 4.135768981}
  C6ii: {6.929255286, 6.929255286}
 omega: {0.5401479785, 0.5401479785}
lambda: {0.3068606874, 0.299310263, 0.299310263, 0.2842094144, 0.2842094144, 0.27665899}
Energy: {-0.0002714805123}




    ENERGY MATRIX: {Non-Interacting, Electron-Nuclear, Electron-Electron, Nuclear-Nuclear, Total Energy}
Oscillator 1 Energy: {0.7808992804, -0.7255838844, 0.2847441969, 0.3124998047, 0.6525593975}
Oscillator 2 Energy: {0.7808992804, -0.7255838844, 0.2847441969, 0.3124998047, 0.6525593975}
Energy Totals: {1.561798561, -1.451167769, 0.5694883937, 0.6249996094, 1.305118795}


    COEFFICIENT MATRIX: {c1, c2, c5, c6, c11, c14}
Oscillator 1 Cs: {0.9292301068, 0.3420184884, -0.009678519653, 0.1395030052}
Oscillator 2 Cs: {0.9292301068, 0.3420184884, -0.009678519653, 0.1395030052}


    GENERAL RESULTS: {R, E, r2, r2f, r3, r3f, alpha, alphaf}
Oscillator 1 General Results: {1.600001, 1.305118795, 3.560789678, 3.18284615, 8.245353488, 6.975440461, 5.319246993, 4.5}
Oscillator 2 General Results: {1.600001, 1.305118795, 3.560789678, 3.18284615, 8.245353488, 6.975440461, 5.319246993, 4.5}


    XDM RESULTS: {M1^2, M1f^2, M2^2, M2f^2, M3^2, M3f^2, C6XDMii, C6XDMij, C6XDMf, C8XDMii, C8XDMij, C8XDMf, C10XDMii, C10XDMij, C10XDMf, EXDMC6, EXDMC8, EXDMC10, EXDMBJC6, EXDMBJC8, EXDMBJC10, EXDM, EXDMBJ}
Oscillator 1 XDM Results: {3.665243153, 3.18284615, 19.16282846, 16.88418269, 168.5011383, 125.3927637, 9.748166811, {{9.748166811, 9.748166811}, {9.748166811, 9.748166811}}, 7.161403837, 152.8977265, {{152.8977265, 152.8977265}, {152.8977265, 152.8977265}}, 113.9682331, 2911.742123, {{2911.742123, 2911.742123}, {2911.742123, 2911.742123}}, 1974.936028, -0.5810338411, -3.559909808, -26.48197483, -0.0002359879445, -0.000107130306, -0.00005902791262, -30.62291848, -0.0004021461632}
Oscillator 2 XDM Results: {3.665243153, 3.18284615, 19.16282846, 16.88418269, 168.5011383, 125.3927637, 9.748166811, {{9.748166811, 9.748166811}, {9.748166811, 9.748166811}}, 7.161403837, 152.8977265, {{152.8977265, 152.8977265}, {152.8977265, 152.8977265}}, 113.9682331, 2911.742123, {{2911.742123, 2911.742123}, {2911.742123, 2911.742123}}, 1974.936028, -0.5810338411, -3.559909808, -26.48197483, -0.0002359879445, -0.000107130306, -0.00005902791262, -30.62291848, -0.0004021461632}


    TS RESULTS: {C6TSii, C6TSij, C6TSf, ETS, ETSWY}
Oscillator 1 TS Results: {10.00629841, {{10.00629841, 10.00629841}, {10.00629841, 10.00629841}}, 7.161403837, -0.5964196259, -0.000003228279893}
Oscillator 2 TS Results: {10.00629841, {{10.00629841, 10.00629841}, {10.00629841, 10.00629841}}, 7.161403837, -0.5964196259, -0.000003228279893}


    MBD RESULTS: {MBD_alpha, MBD_C6, MBD_omega, MBD_Energy, MBDF1_alpha, MBDF1_C6, MBDF1_omega, MBDF1_Energy, MBDF2_alpha, MBDF2_C6, MBDF2_omega, MBDF2_Energy, MBDX1_alpha, MBDX1_C6, MBDX1_omega, MBDX1_Energy, MBDX2_alpha, MBDX2_C6, MBDX2_omega, MBDX2_Energy}
Oscillator 1 MBD Results: {4.116643372, 7.081665127, 0.5571698817, -0.04083892155, 3.619132529, 5.415701464, 0.5512955402, -0.03666253718, 3.619132529, 7.567109216, 0.7702997646, -0.05122686781, 4.075270834, 6.935244822, 0.5567850691, -0.04049855479, 4.116643372, 6.898980032, 0.5427966191, -0.03978540346}
Oscillator 2 MBD Results: {4.116643372, 7.081665127, 0.5571698817, -0.04083892155, 3.619132529, 5.415701464, 0.5512955402, -0.03666253718, 3.619132529, 7.567109216, 0.7702997646, -0.05122686781, 4.075270834, 6.935244822, 0.5567850691, -0.04049855479, 4.116643372, 6.898980032, 0.5427966191, -0.03978540346}


    MBDRSSCS RESULTS: {MBDrsSCS_alpha, MBDrsSCS_C6, MBDrsSCS_omega, MBDrsSCS_Energy, MBDF1rsSCS_alpha, MBDF1rsSCS_C6, MBDF1rsSCS_omega, MBDF1rsSCS_Energy, MBDF2rsSCS_alpha, MBDF2rsSCS_C6, MBDF2rsSCS_omega, MBDF2rsSCS_Energy, MBDX1rsSCS_alpha, MBDX1rsSCS_C6, MBDX1rsSCS_omega, MBDX1rsSCS_Energy, MBDX2rsSCS_alpha, MBDX2rsSCS_C6, MBDX2rsSCS_omega, MBDX2rsSCS_Energy}
Oscillator 1 MBDrsSCS Results: {4.135768981, 7.11274207, 0.5544511051, -0.0002786693203, 3.632238825, 5.430162248, 0.5487856543, -0.0002127171186, 3.632238825, 7.587314601, 0.7667928172, -0.0002972197931, 4.093889019, 6.964745239, 0.5540791926, -0.0002728675103, 4.135768981, 6.929255286, 0.5401479785, -0.0002714805123}
Oscillator 2 MBDrsSCS Results: {4.135768981, 7.11274207, 0.5544511051, -0.0002786693203, 3.632238825, 5.430162248, 0.5487856543, -0.0002127171186, 3.632238825, 7.587314601, 0.7667928172, -0.0002972197931, 4.093889019, 6.964745239, 0.5540791926, -0.0002728675103, 4.135768981, 6.929255286, 0.5401479785, -0.0002714805123}


         {R, Energy}
SUMMARY: {1.600001, 1.305118795}