Oscillators N=2 2022-12-24  w=0.471533 a=4.50000.nb ( N = 2, M = 4 )
~~~~~~~~~~~~~~~~~~~~~~~~~~~~~~~~~~~~~~
Run Commenced: Tue 27 Dec 2022 11:50:15
Run Completed: Tue 27 Dec 2022 12:05:18
Time Elapsed: 00:15:02

Oscillators Used: 2
Wavefunctions Used: 4
Internuclear Separation: 0.1
omega: 0.472
nu : 0.235638

For display purposes, the threshold of Hamiltonian matrix elements has been set to: 10^-6.


    Hamiltonian Matrix A:    < psi_{i,A} | H_k | psi_{j,A} >
    H_1 = T_kin,    H_2 = V_pot,    H_3 = V_1-B,    H_4 = V_A-B

HijkA: {{{0.35364975, 0.35364975, -0.7734122135, 9.999900001}, {0., 0., -0.02499775865, 0.}, {0.2887538117, -0.2887538117, -0.3147534731, 0.}, {0., 0., -0.0008402620908, 0.}}, {{0., 0., -0.02499775865, 0.}, {0.58941625, 0.58941625, -0.5173873799, 9.999900001}, {0., 0., -0.01014760718, 0.}, {0., 0., -0.01161355079, 0.}}, {{0.2887538117, -0.2887538117, -0.3147534731, 0.}, {0., 0., -0.01014760718, 0.}, {0.82518275, 0.82518275, -0.6437034921, 9.999900001}, {0., 0., -0.0003407267126, 0.}}, {{0., 0., -0.0008402620908, 0.}, {0., 0., -0.01161355079, 0.}, {0., 0., -0.0003407267126, 0.}, {0.82518275, 0.82518275, -0.4134140796, 9.999900001}}}
0.35365        0.             0.288754       0.
0.35365        0.             -0.288754      0.
-0.773412      -0.0249978     -0.314753      -0.000840262
9.9999         0.             0.             0.

0.             0.589416       0.             0.
0.             0.589416       0.             0.
-0.0249978     -0.517387      -0.0101476     -0.0116136
0.             9.9999         0.             0.

0.288754       0.             0.825183       0.
-0.288754      0.             0.825183       0.
-0.314753      -0.0101476     -0.643703      -0.000340727
0.             0.             9.9999         0.

0.             0.             0.             0.825183
0.             0.             0.             0.825183
-0.000840262   -0.0116136     -0.000340727   -0.413414
0.             0.             0.             9.9999


    Hamiltonian Matrix B:    < psi_{i,B} | H_k | psi_{j,B} >
    H_1 = T_kin,    H_2 = V_pot,    H_3 = V_2-A,    H_4 = V_B-A 

HijkB: {{{0.35364975, 0.35364975, -0.7734122135, 9.999900001}, {0., 0., -0.02499775865, 0.}, {0.2887538117, -0.2887538117, -0.3147534731, 0.}, {0., 0., -0.0008402620908, 0.}}, {{0., 0., -0.02499775865, 0.}, {0.58941625, 0.58941625, -0.5173873799, 9.999900001}, {0., 0., -0.01014760718, 0.}, {0., 0., -0.01161355079, 0.}}, {{0.2887538117, -0.2887538117, -0.3147534731, 0.}, {0., 0., -0.01014760718, 0.}, {0.82518275, 0.82518275, -0.6437034921, 9.999900001}, {0., 0., -0.0003407267126, 0.}}, {{0., 0., -0.0008402620908, 0.}, {0., 0., -0.01161355079, 0.}, {0., 0., -0.0003407267126, 0.}, {0.82518275, 0.82518275, -0.4134140796, 9.999900001}}}
0.35365        0.             0.288754       0.
0.35365        0.             -0.288754      0.
-0.773412      -0.0249978     -0.314753      -0.000840262
9.9999         0.             0.             0.

0.             0.589416       0.             0.
0.             0.589416       0.             0.
-0.0249978     -0.517387      -0.0101476     -0.0116136
0.             9.9999         0.             0.

0.288754       0.             0.825183       0.
-0.288754      0.             0.825183       0.
-0.314753      -0.0101476     -0.643703      -0.000340727
0.             0.             9.9999         0.

0.             0.             0.             0.825183
0.             0.             0.             0.825183
-0.000840262   -0.0116136     -0.000340727   -0.413414
0.             0.             0.             9.9999


    Hamiltonian Matrix AB:    < psi_{i1,A} <psi_{i2,B} | V_e-e | psi_{i3,A} <psi_{i4,B} >

HijkAB: {{{{0.5495880557, 0.008316924862, 0.1113419883, -0.0001678289766}, {0.008316924862, -0.09207642377, 0.005341696844, -0.002794411298}, {0.1113008615, 0.005341696844, 0.07005221227, 0.00025335294}, {-0.0001678289766, -0.002794411298, 0.00025335294, 0.02853007984}}, {{0.008316924862, 0.4580606327, -0.002078513091, 0.00726339705}, {-0.09207642377, 0.000872313087, 0.01930371814, -0.07403130158}, {0.005341696844, 0.05548482044, 0.0009283931466, 0.003094779018}, {-0.002794411298, 0.03211984926, -0.0007867002942, 0.00007065417703}}, {{0.1113419883, -0.002078513091, 0.4345226567, -0.0001096117907}, {0.005341696844, 0.01930371814, 0.005579493635, 0.001724518576}, {0.07005221227, 0.0009283931466, 0.06935024007, -0.0000400285933}, {0.00025335294, -0.0007867002942, -0.00001635915698, -0.0169523857}}, {{-0.0001678289766, 0.00726339705, -0.0001096117907, 0.393802274}, {-0.002794411298, -0.07403130158, 0.001724518576, -0.002270242747}, {0.00025335294, 0.003094779018, -0.0000400285933, 0.02743682772}, {0.02853007984, 0.00007065417703, -0.0169523857, 0.02153314629}}}, {{{0.008316924862, -0.09207642377, 0.005341696844, -0.002794411298}, {0.4580606327, 0.000872313087, 0.05548482044, 0.03212250899}, {-0.002078513091, 0.01930372068, 0.0009283931466, -0.0007867002942}, {0.00726339705, -0.07403130158, 0.003094779018, 0.00007065417703}}, {{-0.09207642377, 0.000872313087, 0.01930371931, -0.07403130158}, {0.000872313087, 0.4501823606, -0.003492129296, 0.004143710605}, {0.01930371951, -0.003492129296, -0.02738022744, 0.02819586862}, {-0.07403130158, 0.004143710605, 0.02819586862, -0.08521387076}}, {{0.005341696844, 0.01930371814, 0.005579493635, 0.001724518576}, {0.05548482044, -0.003492129296, 0.3775516001, -0.01940113454}, {0.0009283931466, -0.02738022744, -0.0005744624261, -0.001017942565}, {0.003094779018, 0.02819586862, 0.003778612659, 0.00137905707}}, {{-0.002794411298, -0.07403130158, 0.001724518576, -0.002270242747}, {0.03212250725, 0.004143710605, -0.01940113454, 0.3943596864}, {-0.0007867002942, 0.02819586862, -0.001017942565, -0.002256222455}, {0.00007065417703, -0.08521387076, 0.00137905707, 0.0002435661669}}}, {{{0.1113008615, 0.005341696844, 0.07005221227, 0.00025335294}, {-0.002078513091, 0.01930372068, 0.0009283931466, -0.0007867002942}, {0.4348471172, 0.005579493635, 0.06626523214, -0.00001635915698}, {-0.0001096117907, 0.001724518576, -0.0000400285933, -0.01695238522}}, {{0.005341696844, 0.05548482044, 0.0009283931466, 0.003094779018}, {0.01930372068, -0.003492129296, -0.02738022744, 0.02819586862}, {0.005579493635, 0.3775516001, -0.0005744624261, 0.003778612659}, {0.001724518576, -0.01940113454, -0.001017942565, 0.00137905707}}, {{0.07005221227, 0.0009283931466, 0.06935024007, -0.0000400285933}, {0.0009283931466, -0.02738022744, -0.0005744624261, -0.001017942565}, {0.06626523214, -0.0005744624261, 0.3776673828, -0.0004490128702}, {-0.0000400285933, -0.001017942565, -0.0004490128702, 0.02267597591}}, {{0.00025335294, 0.003094779018, -0.0000400285933, 0.02743682772}, {-0.0007867002942, 0.02819586862, -0.001017942565, -0.002256222455}, {-0.00001635915698, 0.003778612659, -0.0004490128702, 0.3419966284}, {-0.01695238531, 0.00137905707, 0.02267597591, -0.01687273298}}}, {{{-0.0001678289766, -0.002794411298, 0.00025335294, 0.02853007984}, {0.00726339705, -0.07403130158, 0.003094779018, 0.00007065417703}, {-0.0001096117907, 0.001724518576, -0.0000400285933, -0.01695238522}, {0.393802274, -0.002270242747, 0.02743682772, 0.02153314629}}, {{-0.002794411298, 0.03211984926, -0.0007867002942, 0.00007065417703}, {-0.07403130158, 0.004143710605, 0.02819586862, -0.08521387076}, {0.001724518576, -0.01940113454, -0.001017942565, 0.00137905707}, {-0.002270242747, 0.3943997828, -0.002256222455, 0.0002435661669}}, {{0.00025335294, -0.0007867002942, -0.00001635915698, -0.01695238561}, {0.003094779018, 0.02819586862, 0.003778612659, 0.00137905707}, {-0.0000400285933, -0.001017942565, -0.0004490128702, 0.02267597591}, {0.02743682772, -0.002256222455, 0.3419966284, -0.01687273298}}, {{0.02853007984, 0.00007065417703, -0.01695238561, 0.02153314629}, {0.00007065417703, -0.08521387076, 0.00137905707, 0.0002435661669}, {-0.01695238531, 0.00137905707, 0.02267597591, -0.01687273298}, {0.02153314629, 0.0002435661669, -0.01687273298, 0.3759875379}}}}
0.549588      0.00831692    0.111342      -0.000167829    0.00831692    0.458061      -0.00207851   0.0072634       0.111342      -0.00207851   0.434523      -0.000109612    -0.000167829  0.0072634     -0.000109612  0.393802
0.00831692    -0.0920764    0.0053417     -0.00279441     -0.0920764    0.000872313   0.0193037     -0.0740313      0.0053417     0.0193037     0.00557949    0.00172452      -0.00279441   -0.0740313    0.00172452    -0.00227024
0.111301      0.0053417     0.0700522     0.000253353     0.0053417     0.0554848     0.000928393   0.00309478      0.0700522     0.000928393   0.0693502     -0.0000400286   0.000253353   0.00309478    -0.0000400286 0.0274368
-0.000167829  -0.00279441   0.000253353   0.0285301       -0.00279441   0.0321198     -0.0007867    0.0000706542    0.000253353   -0.0007867    -0.0000163592 -0.0169524      0.0285301     0.0000706542  -0.0169524    0.0215331

0.00831692    -0.0920764    0.0053417     -0.00279441     -0.0920764    0.000872313   0.0193037     -0.0740313      0.0053417     0.0193037     0.00557949    0.00172452      -0.00279441   -0.0740313    0.00172452    -0.00227024
0.458061      0.000872313   0.0554848     0.0321225       0.000872313   0.450182      -0.00349213   0.00414371      0.0554848     -0.00349213   0.377552      -0.0194011      0.0321225     0.00414371    -0.0194011    0.39436
-0.00207851   0.0193037     0.000928393   -0.0007867      0.0193037     -0.00349213   -0.0273802    0.0281959       0.000928393   -0.0273802    -0.000574462  -0.00101794     -0.0007867    0.0281959     -0.00101794   -0.00225622
0.0072634     -0.0740313    0.00309478    0.0000706542    -0.0740313    0.00414371    0.0281959     -0.0852139      0.00309478    0.0281959     0.00377861    0.00137906      0.0000706542  -0.0852139    0.00137906    0.000243566

0.111301      0.0053417     0.0700522     0.000253353     0.0053417     0.0554848     0.000928393   0.00309478      0.0700522     0.000928393   0.0693502     -0.0000400286   0.000253353   0.00309478    -0.0000400286 0.0274368
-0.00207851   0.0193037     0.000928393   -0.0007867      0.0193037     -0.00349213   -0.0273802    0.0281959       0.000928393   -0.0273802    -0.000574462  -0.00101794     -0.0007867    0.0281959     -0.00101794   -0.00225622
0.434847      0.00557949    0.0662652     -0.0000163592   0.00557949    0.377552      -0.000574462  0.00377861      0.0662652     -0.000574462  0.377667      -0.000449013    -0.0000163592 0.00377861    -0.000449013  0.341997
-0.000109612  0.00172452    -0.0000400286 -0.0169524      0.00172452    -0.0194011    -0.00101794   0.00137906      -0.0000400286 -0.00101794   -0.000449013  0.022676        -0.0169524    0.00137906    0.022676      -0.0168727

-0.000167829  -0.00279441   0.000253353   0.0285301       -0.00279441   0.0321198     -0.0007867    0.0000706542    0.000253353   -0.0007867    -0.0000163592 -0.0169524      0.0285301     0.0000706542  -0.0169524    0.0215331
0.0072634     -0.0740313    0.00309478    0.0000706542    -0.0740313    0.00414371    0.0281959     -0.0852139      0.00309478    0.0281959     0.00377861    0.00137906      0.0000706542  -0.0852139    0.00137906    0.000243566
-0.000109612  0.00172452    -0.0000400286 -0.0169524      0.00172452    -0.0194011    -0.00101794   0.00137906      -0.0000400286 -0.00101794   -0.000449013  0.022676        -0.0169524    0.00137906    0.022676      -0.0168727
0.393802      -0.00227024   0.0274368     0.0215331       -0.00227024   0.3944        -0.00225622   0.000243566     0.0274368     -0.00225622   0.341997      -0.0168727      0.0215331     0.000243566   -0.0168727    0.375988


    Hamiltonian Matrix BA:    < psi_{i1,B} <psi_{i2,A} | V_e-e | psi_{i3,B} <psi_{i4,A} >

HijkBA: {{{{0.5495880557, 0.008316924862, 0.1113419883, -0.0001678289766}, {0.008316924862, -0.09207642377, 0.005341696844, -0.002794411298}, {0.1113008615, 0.005341696844, 0.07005221227, 0.00025335294}, {-0.0001678289766, -0.002794411298, 0.00025335294, 0.02853007984}}, {{0.008316924862, 0.4580606327, -0.002078513091, 0.00726339705}, {-0.09207642377, 0.000872313087, 0.01930371814, -0.07403130158}, {0.005341696844, 0.05548482044, 0.0009283931466, 0.003094779018}, {-0.002794411298, 0.03211984926, -0.0007867002942, 0.00007065417703}}, {{0.1113419883, -0.002078513091, 0.4345226567, -0.0001096117907}, {0.005341696844, 0.01930371814, 0.005579493635, 0.001724518576}, {0.07005221227, 0.0009283931466, 0.06935024007, -0.0000400285933}, {0.00025335294, -0.0007867002942, -0.00001635915698, -0.0169523857}}, {{-0.0001678289766, 0.00726339705, -0.0001096117907, 0.393802274}, {-0.002794411298, -0.07403130158, 0.001724518576, -0.002270242747}, {0.00025335294, 0.003094779018, -0.0000400285933, 0.02743682772}, {0.02853007984, 0.00007065417703, -0.0169523857, 0.02153314629}}}, {{{0.008316924862, -0.09207642377, 0.005341696844, -0.002794411298}, {0.4580606327, 0.000872313087, 0.05548482044, 0.03212250899}, {-0.002078513091, 0.01930372068, 0.0009283931466, -0.0007867002942}, {0.00726339705, -0.07403130158, 0.003094779018, 0.00007065417703}}, {{-0.09207642377, 0.000872313087, 0.01930371931, -0.07403130158}, {0.000872313087, 0.4501823606, -0.003492129296, 0.004143710605}, {0.01930371951, -0.003492129296, -0.02738022744, 0.02819586862}, {-0.07403130158, 0.004143710605, 0.02819586862, -0.08521387076}}, {{0.005341696844, 0.01930371814, 0.005579493635, 0.001724518576}, {0.05548482044, -0.003492129296, 0.3775516001, -0.01940113454}, {0.0009283931466, -0.02738022744, -0.0005744624261, -0.001017942565}, {0.003094779018, 0.02819586862, 0.003778612659, 0.00137905707}}, {{-0.002794411298, -0.07403130158, 0.001724518576, -0.002270242747}, {0.03212250725, 0.004143710605, -0.01940113454, 0.3943596864}, {-0.0007867002942, 0.02819586862, -0.001017942565, -0.002256222455}, {0.00007065417703, -0.08521387076, 0.00137905707, 0.0002435661669}}}, {{{0.1113008615, 0.005341696844, 0.07005221227, 0.00025335294}, {-0.002078513091, 0.01930372068, 0.0009283931466, -0.0007867002942}, {0.4348471172, 0.005579493635, 0.06626523214, -0.00001635915698}, {-0.0001096117907, 0.001724518576, -0.0000400285933, -0.01695238522}}, {{0.005341696844, 0.05548482044, 0.0009283931466, 0.003094779018}, {0.01930372068, -0.003492129296, -0.02738022744, 0.02819586862}, {0.005579493635, 0.3775516001, -0.0005744624261, 0.003778612659}, {0.001724518576, -0.01940113454, -0.001017942565, 0.00137905707}}, {{0.07005221227, 0.0009283931466, 0.06935024007, -0.0000400285933}, {0.0009283931466, -0.02738022744, -0.0005744624261, -0.001017942565}, {0.06626523214, -0.0005744624261, 0.3776673828, -0.0004490128702}, {-0.0000400285933, -0.001017942565, -0.0004490128702, 0.02267597591}}, {{0.00025335294, 0.003094779018, -0.0000400285933, 0.02743682772}, {-0.0007867002942, 0.02819586862, -0.001017942565, -0.002256222455}, {-0.00001635915698, 0.003778612659, -0.0004490128702, 0.3419966284}, {-0.01695238531, 0.00137905707, 0.02267597591, -0.01687273298}}}, {{{-0.0001678289766, -0.002794411298, 0.00025335294, 0.02853007984}, {0.00726339705, -0.07403130158, 0.003094779018, 0.00007065417703}, {-0.0001096117907, 0.001724518576, -0.0000400285933, -0.01695238522}, {0.393802274, -0.002270242747, 0.02743682772, 0.02153314629}}, {{-0.002794411298, 0.03211984926, -0.0007867002942, 0.00007065417703}, {-0.07403130158, 0.004143710605, 0.02819586862, -0.08521387076}, {0.001724518576, -0.01940113454, -0.001017942565, 0.00137905707}, {-0.002270242747, 0.3943997828, -0.002256222455, 0.0002435661669}}, {{0.00025335294, -0.0007867002942, -0.00001635915698, -0.01695238561}, {0.003094779018, 0.02819586862, 0.003778612659, 0.00137905707}, {-0.0000400285933, -0.001017942565, -0.0004490128702, 0.02267597591}, {0.02743682772, -0.002256222455, 0.3419966284, -0.01687273298}}, {{0.02853007984, 0.00007065417703, -0.01695238561, 0.02153314629}, {0.00007065417703, -0.08521387076, 0.00137905707, 0.0002435661669}, {-0.01695238531, 0.00137905707, 0.02267597591, -0.01687273298}, {0.02153314629, 0.0002435661669, -0.01687273298, 0.3759875379}}}}
0.549588      0.00831692    0.111342      -0.000167829    0.00831692    0.458061      -0.00207851   0.0072634       0.111342      -0.00207851   0.434523      -0.000109612    -0.000167829  0.0072634     -0.000109612  0.393802
0.00831692    -0.0920764    0.0053417     -0.00279441     -0.0920764    0.000872313   0.0193037     -0.0740313      0.0053417     0.0193037     0.00557949    0.00172452      -0.00279441   -0.0740313    0.00172452    -0.00227024
0.111301      0.0053417     0.0700522     0.000253353     0.0053417     0.0554848     0.000928393   0.00309478      0.0700522     0.000928393   0.0693502     -0.0000400286   0.000253353   0.00309478    -0.0000400286 0.0274368
-0.000167829  -0.00279441   0.000253353   0.0285301       -0.00279441   0.0321198     -0.0007867    0.0000706542    0.000253353   -0.0007867    -0.0000163592 -0.0169524      0.0285301     0.0000706542  -0.0169524    0.0215331

0.00831692    -0.0920764    0.0053417     -0.00279441     -0.0920764    0.000872313   0.0193037     -0.0740313      0.0053417     0.0193037     0.00557949    0.00172452      -0.00279441   -0.0740313    0.00172452    -0.00227024
0.458061      0.000872313   0.0554848     0.0321225       0.000872313   0.450182      -0.00349213   0.00414371      0.0554848     -0.00349213   0.377552      -0.0194011      0.0321225     0.00414371    -0.0194011    0.39436
-0.00207851   0.0193037     0.000928393   -0.0007867      0.0193037     -0.00349213   -0.0273802    0.0281959       0.000928393   -0.0273802    -0.000574462  -0.00101794     -0.0007867    0.0281959     -0.00101794   -0.00225622
0.0072634     -0.0740313    0.00309478    0.0000706542    -0.0740313    0.00414371    0.0281959     -0.0852139      0.00309478    0.0281959     0.00377861    0.00137906      0.0000706542  -0.0852139    0.00137906    0.000243566

0.111301      0.0053417     0.0700522     0.000253353     0.0053417     0.0554848     0.000928393   0.00309478      0.0700522     0.000928393   0.0693502     -0.0000400286   0.000253353   0.00309478    -0.0000400286 0.0274368
-0.00207851   0.0193037     0.000928393   -0.0007867      0.0193037     -0.00349213   -0.0273802    0.0281959       0.000928393   -0.0273802    -0.000574462  -0.00101794     -0.0007867    0.0281959     -0.00101794   -0.00225622
0.434847      0.00557949    0.0662652     -0.0000163592   0.00557949    0.377552      -0.000574462  0.00377861      0.0662652     -0.000574462  0.377667      -0.000449013    -0.0000163592 0.00377861    -0.000449013  0.341997
-0.000109612  0.00172452    -0.0000400286 -0.0169524      0.00172452    -0.0194011    -0.00101794   0.00137906      -0.0000400286 -0.00101794   -0.000449013  0.022676        -0.0169524    0.00137906    0.022676      -0.0168727

-0.000167829  -0.00279441   0.000253353   0.0285301       -0.00279441   0.0321198     -0.0007867    0.0000706542    0.000253353   -0.0007867    -0.0000163592 -0.0169524      0.0285301     0.0000706542  -0.0169524    0.0215331
0.0072634     -0.0740313    0.00309478    0.0000706542    -0.0740313    0.00414371    0.0281959     -0.0852139      0.00309478    0.0281959     0.00377861    0.00137906      0.0000706542  -0.0852139    0.00137906    0.000243566
-0.000109612  0.00172452    -0.0000400286 -0.0169524      0.00172452    -0.0194011    -0.00101794   0.00137906      -0.0000400286 -0.00101794   -0.000449013  0.022676        -0.0169524    0.00137906    0.022676      -0.0168727
0.393802      -0.00227024   0.0274368     0.0215331       -0.00227024   0.3944        -0.00225622   0.000243566     0.0274368     -0.00225622   0.341997      -0.0168727      0.0215331     0.000243566   -0.0168727    0.375988


Energy:  {10.34193441}


Coefficients: {{0.9828867002, 0.03463357388, 0.1809222768, 0.001174681737}, {0.9828867002, 0.03463357388, 0.1809222768, 0.001174681737}}


r2: {2.400045886, 2.400045886}
r2f: {3.18284615}


r3: {4.516259311, 4.516259311}
r3f: {6.975440461}


alpha: {2.913531699, 2.913531699}
alphaf: {4.5}




~~~XDM (a1=0.65, a2=3.17474)~~~

M1^2: {3.324330143, 3.324330143}
M1f^2: {3.18284615}

M2^2: {19.12172858, 19.12172858}
M2f^2: {16.88418269}

M3^2: {158.5302673, 158.5302673}
M3f^2: {125.3927637}

C6XDM: {{4.842770626, 4.842770626}, {4.842770626, 4.842770626}}
C6XDMf: {7.161403837}

C8XDM: {{83.56764353, 83.56764353}, {83.56764353, 83.56764353}}
C8XDMf: {113.9682331}

C10XDM: {{1596.725829, 1596.725829}, {1596.725829, 1596.725829}}
C10XDMf: {1974.936028}

EXDMC6: {-4842480.07}
EXDMC8: {-8356095842.}
EXDMC10: {-15965661650000.}

EXDMBJC6: {-0.0001096792421}
EXDMBJC8: {-0.0000535482823}
EXDMBJC10: {-0.00002894773484}

EXDM: {-15974022590000.}
EXDMBJ: {-0.0001921752592}




~~~TS (dTS=20, sR=0.62)~~~

C6TS: {{3.00201344, 3.00201344}, {3.00201344, 3.00201344}}
C6TSf: {7.161403837}

ETS: {-3001833.325}
ETSWY: {-0.01128996868}




~~~MBD~~~

 alpha: {1.461086911, 1.461086911}
  C6ii: {0.7568876542, 0.7568876543}
 omega: {0.4727353268, 0.4727353268}
lambda: {0.44570256, 0.44570256, 0.4432013264, 0.00375605198, 0.001254818385, 0.001254818385}
Energy: {-0.3516628215}

~~~MBD@rsSCS (drsSCS=6, sR=0.62)~~~

 alpha: {1.463246149, 1.463246149}
  C6ii: {0.7591234438, 0.7591234438}
 omega: {0.47273348, 0.47273348}
lambda: {2.159325916, -1.71237203, 1.191401429, 1.191401429, -0.7444475432, -0.7444475432}
Energy: {0.4080451764 + 1.517101905 I}




~~~MBDFree1~~~

 alpha: {2.254993649, 2.25499365}
  C6ii: {1.801732065, 1.801732066}
 omega: {0.4724309027, 0.4724309025}
lambda: {0.4454427534, 0.4454427534, 0.4435691403, 0.002812775213, 0.0009391621042, 0.0009391621042}
Energy: {-0.3597092435}

~~~MBDFree1@rsSCS (drsSCS=6, sR=0.62)~~~

 alpha: {2.258328651, 2.258328651}
  C6ii: {1.807060086, 1.807060086}
 omega: {0.4724295357, 0.4724295357}
lambda: {3.207078144, -2.760698812, 1.715133905, 1.715133905, -1.268754573, -1.268754573}
Energy: {0.7877584478 + 1.957157601 I}




~~~MBDFree2~~~

 alpha: {2.254769976, 2.254961661}
  C6ii: {0.7552364963, 0.755268875}
 omega: {0.1980693239, 0.1980441414}
lambda: {0.07828787225, 0.07828787225, 0.07795856684, 0.0004943721655, 0.000165066755, 0.000165066755}
Energy: {-0.1508001193}

~~~MBDFree2@rsSCS (drsSCS=6, sR=0.62)~~~

 alpha: {2.258091573, 2.258294557}
  C6ii: {0.7574890119, 0.7575050633}
 omega: {0.1980760533, 0.1980446437}
lambda: {0.5636457988, -0.485189995, 0.3014368504, 0.3014368504, -0.2229810466, -0.2229810466}
Energy: {0.3302333428 + 0.8204865942 I}




~~~MBD@XDM1~~~

 alpha: {1.854928781, 1.854928781}
  C6ii: {1.219466749, 1.219466749}
 omega: {0.4725570211, 0.472557021}
lambda: {0.4455503193, 0.4455503193, 0.4434165178, 0.003203758493, 0.001069957026, 0.001069957026}
Energy: {-0.3562167937}

~~~MBD@XDM1@rsSCS (drsSCS=6, sR=0.62)~~~

 alpha: {1.857671257, 1.857671256}
  C6ii: {1.223071277, 1.223071277}
 omega: {0.4725554552, 0.4725554553}
lambda: {2.67912443, -2.232507113, 1.451216544, 1.451216544, -1.004599227, -1.004599227}
Energy: {0.6053996849 + 1.749375806 I}




~~~MBD@XDM2~~~

 alpha: {1.46112317, 1.461092099}
  C6ii: {1.22096312, 1.220990752}
 omega: {0.7625487742, 0.7625984651}
lambda: {1.159771894, 1.159771894, 1.153263443, 0.009773608735, 0.003265158147, 0.003265158147}
Energy: {-0.5672709344}

~~~MBD@XDM2@rsSCS (drsSCS=6, sR=0.62)~~~

 alpha: {1.463233696, 1.463244357}
  C6ii: {1.224590078, 1.224596876}
 omega: {0.7626092794, 0.7626023999}
lambda: {5.619320889, -4.456185556, 3.100444278, 3.100444278, -1.937308945, -1.937308945}
Energy: {0.6582456697 + 2.447356419 I}




    ENERGY MATRIX: {Non-Interacting, Electron-Nuclear, Electron-Electron, Nuclear-Nuclear, Total Energy}
Oscillator 1 Energy: {0.7387356548, -0.8826337361, 0.3149152857, 4.99995, 5.170967205}
Oscillator 2 Energy: {0.7387356548, -0.8826337361, 0.3149152857, 4.99995, 5.170967205}
Energy Totals: {1.47747131, -1.765267472, 0.6298305714, 9.999900001, 10.34193441}


    COEFFICIENT MATRIX: {c1, c2, c5, c6, c11, c14}
Oscillator 1 Cs: {0.9828867002, 0.03463357388, 0.1809222768, 0.001174681737}
Oscillator 2 Cs: {0.9828867002, 0.03463357388, 0.1809222768, 0.001174681737}


    GENERAL RESULTS: {R, E, r2, r2f, r3, r3f, alpha, alphaf}
Oscillator 1 General Results: {0.100001, 10.34193441, 2.400045886, 3.18284615, 4.516259311, 6.975440461, 2.913531699, 4.5}
Oscillator 2 General Results: {0.100001, 10.34193441, 2.400045886, 3.18284615, 4.516259311, 6.975440461, 2.913531699, 4.5}


    XDM RESULTS: {M1^2, M1f^2, M2^2, M2f^2, M3^2, M3f^2, C6XDMii, C6XDMij, C6XDMf, C8XDMii, C8XDMij, C8XDMf, C10XDMii, C10XDMij, C10XDMf, EXDMC6, EXDMC8, EXDMC10, EXDMBJC6, EXDMBJC8, EXDMBJC10, EXDM, EXDMBJ}
Oscillator 1 XDM Results: {3.324330143, 3.18284615, 19.12172858, 16.88418269, 158.5302673, 125.3927637, 4.842770626, {{4.842770626, 4.842770626}, {4.842770626, 4.842770626}}, 7.161403837, 83.56764353, {{83.56764353, 83.56764353}, {83.56764353, 83.56764353}}, 113.9682331, 1596.725829, {{1596.725829, 1596.725829}, {1596.725829, 1596.725829}}, 1974.936028, -4842480.07, -8356095842., -15965661650000., -0.0001096792421, -0.0000535482823, -0.00002894773484, -15974022590000., -0.0001921752592}
Oscillator 2 XDM Results: {3.324330143, 3.18284615, 19.12172858, 16.88418269, 158.5302673, 125.3927637, 4.842770626, {{4.842770626, 4.842770626}, {4.842770626, 4.842770626}}, 7.161403837, 83.56764353, {{83.56764353, 83.56764353}, {83.56764353, 83.56764353}}, 113.9682331, 1596.725829, {{1596.725829, 1596.725829}, {1596.725829, 1596.725829}}, 1974.936028, -4842480.07, -8356095842., -15965661650000., -0.0001096792421, -0.0000535482823, -0.00002894773484, -15974022590000., -0.0001921752592}


    TS RESULTS: {C6TSii, C6TSij, C6TSf, ETS, ETSWY}
Oscillator 1 TS Results: {3.00201344, {{3.00201344, 3.00201344}, {3.00201344, 3.00201344}}, 7.161403837, -3001833.325, -0.01128996868}
Oscillator 2 TS Results: {3.00201344, {{3.00201344, 3.00201344}, {3.00201344, 3.00201344}}, 7.161403837, -3001833.325, -0.01128996868}


    MBD RESULTS: {MBD_alpha, MBD_C6, MBD_omega, MBD_Energy, MBDF1_alpha, MBDF1_C6, MBDF1_omega, MBDF1_Energy, MBDF2_alpha, MBDF2_C6, MBDF2_omega, MBDF2_Energy, MBDX1_alpha, MBDX1_C6, MBDX1_omega, MBDX1_Energy, MBDX2_alpha, MBDX2_C6, MBDX2_omega, MBDX2_Energy}
Oscillator 1 MBD Results: {1.461086911, 0.7568876542, 0.4727353268, -0.3516628215, 2.254993649, 1.801732065, 0.4724309027, -0.3597092435, 2.254769976, 0.7552364963, 0.1980693239, -0.1508001193, 1.854928781, 1.219466749, 0.4725570211, -0.3562167937, 1.46112317, 1.22096312, 0.7625487742, -0.5672709344}
Oscillator 2 MBD Results: {1.461086911, 0.7568876543, 0.4727353268, -0.3516628215, 2.25499365, 1.801732066, 0.4724309025, -0.3597092435, 2.254961661, 0.755268875, 0.1980441414, -0.1508001193, 1.854928781, 1.219466749, 0.472557021, -0.3562167937, 1.461092099, 1.220990752, 0.7625984651, -0.5672709344}


    MBDRSSCS RESULTS: {MBDrsSCS_alpha, MBDrsSCS_C6, MBDrsSCS_omega, MBDrsSCS_Energy, MBDF1rsSCS_alpha, MBDF1rsSCS_C6, MBDF1rsSCS_omega, MBDF1rsSCS_Energy, MBDF2rsSCS_alpha, MBDF2rsSCS_C6, MBDF2rsSCS_omega, MBDF2rsSCS_Energy, MBDX1rsSCS_alpha, MBDX1rsSCS_C6, MBDX1rsSCS_omega, MBDX1rsSCS_Energy, MBDX2rsSCS_alpha, MBDX2rsSCS_C6, MBDX2rsSCS_omega, MBDX2rsSCS_Energy}
Oscillator 1 MBDrsSCS Results: {1.463246149, 0.7591234438, 0.47273348, 0.4080451764 + 1.517101905 I, 2.258328651, 1.807060086, 0.4724295357, 0.7877584478 + 1.957157601 I, 2.258091573, 0.7574890119, 0.1980760533, 0.3302333428 + 0.8204865942 I, 1.857671257, 1.223071277, 0.4725554552, 0.6053996849 + 1.749375806 I, 1.463233696, 1.224590078, 0.7626092794, 0.6582456697 + 2.447356419 I}
Oscillator 2 MBDrsSCS Results: {1.463246149, 0.7591234438, 0.47273348, 0.4080451764 + 1.517101905 I, 2.258328651, 1.807060086, 0.4724295357, 0.7877584478 + 1.957157601 I, 2.258294557, 0.7575050633, 0.1980446437, 0.3302333428 + 0.8204865942 I, 1.857671256, 1.223071277, 0.4725554553, 0.6053996849 + 1.749375806 I, 1.463244357, 1.224596876, 0.7626023999, 0.6582456697 + 2.447356419 I}


         {R, Energy}
SUMMARY: {0.100001, 10.34193441}