Oscillators N=2 2022-12-24  w=0.471533 a=4.50000.nb ( N = 2, M = 4 )
~~~~~~~~~~~~~~~~~~~~~~~~~~~~~~~~~~~~~~
Run Commenced: Tue 27 Dec 2022 13:41:19
Run Completed: Tue 27 Dec 2022 13:58:39
Time Elapsed: 00:17:20

Oscillators Used: 2
Wavefunctions Used: 4
Internuclear Separation: 2.2
omega: 0.472
nu : 0.235638

For display purposes, the threshold of Hamiltonian matrix elements has been set to: 10^-6.


    Hamiltonian Matrix A:    < psi_{i,A} | H_k | psi_{j,A} >
    H_1 = T_kin,    H_2 = V_pot,    H_3 = V_1-B,    H_4 = V_A-B

HijkA: {{{0.35364975, 0.35364975, -0.439686312, 0.4545452479}, {0., 0., -0.1687981921, 0.}, {0.2887538117, -0.2887538117, -0.03231472514, 0.}, {0., 0., -0.0911841162, 0.}}, {{0., 0., -0.1687981921, 0.}, {0.58941625, 0.58941625, -0.5185917748, 0.4545452479}, {0., 0., 0.06880296334, 0.}, {0., 0., -0.2253771783, 0.}}, {{0.2887538117, -0.2887538117, -0.03231472514, 0.}, {0., 0., 0.06880296334, 0.}, {0.82518275, 0.82518275, -0.366310562, 0.4545452479}, {0., 0., 0.06379093164, 0.}}, {{0., 0., -0.0911841162, 0.}, {0., 0., -0.2253771783, 0.}, {0., 0., 0.06379093164, 0.}, {0.82518275, 0.82518275, -0.5004063078, 0.4545452479}}}
0.35365      0.           0.288754     0.
0.35365      0.           -0.288754    0.
-0.439686    -0.168798    -0.0323147   -0.0911841
0.454545     0.           0.           0.

0.           0.589416     0.           0.
0.           0.589416     0.           0.
-0.168798    -0.518592    0.068803     -0.225377
0.           0.454545     0.           0.

0.288754     0.           0.825183     0.
-0.288754    0.           0.825183     0.
-0.0323147   0.068803     -0.366311    0.0637909
0.           0.           0.454545     0.

0.           0.           0.           0.825183
0.           0.           0.           0.825183
-0.0911841   -0.225377    0.0637909    -0.500406
0.           0.           0.           0.454545


    Hamiltonian Matrix B:    < psi_{i,B} | H_k | psi_{j,B} >
    H_1 = T_kin,    H_2 = V_pot,    H_3 = V_2-A,    H_4 = V_B-A 

HijkB: {{{0.35364975, 0.35364975, -0.439686312, 0.4545452479}, {0., 0., -0.1687981921, 0.}, {0.2887538117, -0.2887538117, -0.03231472514, 0.}, {0., 0., -0.0911841162, 0.}}, {{0., 0., -0.1687981921, 0.}, {0.58941625, 0.58941625, -0.5185917748, 0.4545452479}, {0., 0., 0.06880296334, 0.}, {0., 0., -0.2253771783, 0.}}, {{0.2887538117, -0.2887538117, -0.03231472514, 0.}, {0., 0., 0.06880296334, 0.}, {0.82518275, 0.82518275, -0.366310562, 0.4545452479}, {0., 0., 0.06379093164, 0.}}, {{0., 0., -0.0911841162, 0.}, {0., 0., -0.2253771783, 0.}, {0., 0., 0.06379093164, 0.}, {0.82518275, 0.82518275, -0.5004063078, 0.4545452479}}}
0.35365      0.           0.288754     0.
0.35365      0.           -0.288754    0.
-0.439686    -0.168798    -0.0323147   -0.0911841
0.454545     0.           0.           0.

0.           0.589416     0.           0.
0.           0.589416     0.           0.
-0.168798    -0.518592    0.068803     -0.225377
0.           0.454545     0.           0.

0.288754     0.           0.825183     0.
-0.288754    0.           0.825183     0.
-0.0323147   0.068803     -0.366311    0.0637909
0.           0.           0.454545     0.

0.           0.           0.           0.825183
0.           0.           0.           0.825183
-0.0911841   -0.225377    0.0637909    -0.500406
0.           0.           0.           0.454545


    Hamiltonian Matrix AB:    < psi_{i1,A} <psi_{i2,B} | V_e-e | psi_{i3,A} <psi_{i4,B} >

HijkAB: {{{{0.3950355373, 0.1032163078, 0.03558714695, 0.0331837207}, {0.1032163078, 0.009049631392, 0.03832188947, -0.007581469861}, {0.0355877737, 0.03832188947, 0.005270484255, 0.02374959865}, {0.0331837207, -0.007581469861, 0.02374959865, -0.002000343107}}, {{0.1032163078, 0.4047325915, -0.04600779318, 0.1116123337}, {0.009049631392, 0.06336190563, 0.01577288523, -0.0110244819}, {0.03832188947, 0.05869588484, -0.009936149937, 0.04750712593}, {-0.007581469861, 0.0114665551, 0.009648556356, -0.007304315921}}, {{0.03558714695, -0.04600779318, 0.342102754, -0.0305254494}, {0.03832188947, 0.01577288523, 0.06177778215, 0.01582759568}, {0.005270484255, -0.009936149937, 0.02302679716, -0.0156803755}, {0.02374959865, 0.009648556356, 0.01736070052, 0.0003680179472}}, {{0.0331837207, 0.1116123337, -0.0305254494, 0.3730224989}, {-0.007581469861, -0.0110244819, 0.01582759568, 0.03359967705}, {0.02374959865, 0.04750712593, -0.0156803755, 0.05159047127}, {-0.002000343107, -0.007304315921, 0.0003680179472, 0.00721143346}}}, {{{0.1032163078, 0.009049631392, 0.03832188947, -0.007581469861}, {0.4047325915, 0.06336190563, 0.05869588484, 0.01146654275}, {-0.04600779318, 0.01577887728, -0.009936149937, 0.009648556356}, {0.1116123337, -0.0110244819, 0.04750712593, -0.007304243684}}, {{0.009049631392, 0.06336190563, 0.01577288523, -0.0110244819}, {0.06336190563, 0.3698156551, -0.02715737759, 0.06451227813}, {0.01577887728, -0.02715737759, -0.002153175258, 0.01428200854}, {-0.0110244819, 0.06451227813, 0.01428200854, -0.01833035116}}, {{0.03832188947, 0.01577288523, 0.06177778215, 0.01582759568}, {0.05869588484, -0.02715737759, 0.3430223954, -0.01688488929}, {-0.009936149937, -0.002153175258, -0.03395092587, -0.004753462779}, {0.04750712593, 0.01428200854, 0.07206222755, 0.008836543469}}, {{-0.007581469861, -0.0110244819, 0.01582759568, 0.03359967705}, {0.01146654275, 0.06451227813, -0.01688488929, 0.3394016458}, {0.009648556356, 0.01428200854, -0.004753462779, -0.02658965617}, {-0.007304243684, -0.01833035116, 0.008836543469, 0.03990814495}}}, {{{0.0355877737, 0.03832188947, 0.005270484255, 0.02374959865}, {-0.04600779318, 0.01577887728, -0.009936149937, 0.009648556356}, {0.3421168306, 0.06177778215, 0.0229659283, 0.01736067712}, {-0.0305252867, 0.01582759568, -0.0156803755, 0.0004053736205}}, {{0.03832188947, 0.05869588484, -0.009936149937, 0.04750712593}, {0.01577887728, -0.02715737759, -0.002153175258, 0.01428200854}, {0.06177778215, 0.3430223954, -0.03395092587, 0.07206222755}, {0.01582759568, -0.01688488929, -0.004753462779, 0.008836543469}}, {{0.005270484255, -0.009936149937, 0.02302679716, -0.0156803755}, {-0.009936149937, -0.002153175258, -0.03395092587, -0.004753462779}, {0.0229659283, -0.03395092587, 0.304565922, -0.01498115352}, {-0.0156803755, -0.004753462779, -0.01498115352, 0.002298869893}}, {{0.02374959865, 0.04750712593, -0.0156803755, 0.05159047127}, {0.009648556356, 0.01428200854, -0.004753462779, -0.02658965617}, {0.01736067712, 0.07206222755, -0.01498115352, 0.325567298}, {0.0004055432673, 0.008836543469, 0.002298869893, -0.01259366272}}}, {{{0.0331837207, -0.007581469861, 0.02374959865, -0.002000343107}, {0.1116123337, -0.0110244819, 0.04750712593, -0.007304243684}, {-0.0305252867, 0.01582759568, -0.0156803755, 0.0004053736205}, {0.3730224989, 0.03360006833, 0.05159047127, 0.00721143346}}, {{-0.007581469861, 0.0114665551, 0.009648556356, -0.007304315921}, {-0.0110244819, 0.06451227813, 0.01428200854, -0.01833035116}, {0.01582759568, -0.01688488929, -0.004753462779, 0.008836543469}, {0.03360006833, 0.3394037105, -0.02658965617, 0.03990814495}}, {{0.02374959865, 0.009648556356, 0.01736070052, 0.0003681798837}, {0.04750712593, 0.01428200854, 0.07206222755, 0.008836543469}, {-0.0156803755, -0.004753462779, -0.01498115352, 0.002298869893}, {0.05159047127, -0.02658965617, 0.325567298, -0.01259348512}}, {{-0.002000343107, -0.007304315921, 0.0003681798837, 0.00721143346}, {-0.007304243684, -0.01833035116, 0.008836543469, 0.03990814495}, {0.0004055432673, 0.008836543469, 0.002298869893, -0.01259366272}, {0.00721143346, 0.03990814495, -0.01259348512, 0.3115336098}}}}
0.395036    0.103216    0.0355871   0.0331837     0.103216    0.404733    -0.0460078  0.111612      0.0355871   -0.0460078  0.342103    -0.0305254    0.0331837   0.111612    -0.0305254  0.373022
0.103216    0.00904963  0.0383219   -0.00758147   0.00904963  0.0633619   0.0157729   -0.0110245    0.0383219   0.0157729   0.0617778   0.0158276     -0.00758147 -0.0110245  0.0158276   0.0335997
0.0355878   0.0383219   0.00527048  0.0237496     0.0383219   0.0586959   -0.00993615 0.0475071     0.00527048  -0.00993615 0.0230268   -0.0156804    0.0237496   0.0475071   -0.0156804  0.0515905
0.0331837   -0.00758147 0.0237496   -0.00200034   -0.00758147 0.0114666   0.00964856  -0.00730432   0.0237496   0.00964856  0.0173607   0.000368018   -0.00200034 -0.00730432 0.000368018 0.00721143

0.103216    0.00904963  0.0383219   -0.00758147   0.00904963  0.0633619   0.0157729   -0.0110245    0.0383219   0.0157729   0.0617778   0.0158276     -0.00758147 -0.0110245  0.0158276   0.0335997
0.404733    0.0633619   0.0586959   0.0114665     0.0633619   0.369816    -0.0271574  0.0645123     0.0586959   -0.0271574  0.343022    -0.0168849    0.0114665   0.0645123   -0.0168849  0.339402
-0.0460078  0.0157789   -0.00993615 0.00964856    0.0157789   -0.0271574  -0.00215318 0.014282      -0.00993615 -0.00215318 -0.0339509  -0.00475346   0.00964856  0.014282    -0.00475346 -0.0265897
0.111612    -0.0110245  0.0475071   -0.00730424   -0.0110245  0.0645123   0.014282    -0.0183304    0.0475071   0.014282    0.0720622   0.00883654    -0.00730424 -0.0183304  0.00883654  0.0399081

0.0355878   0.0383219   0.00527048  0.0237496     0.0383219   0.0586959   -0.00993615 0.0475071     0.00527048  -0.00993615 0.0230268   -0.0156804    0.0237496   0.0475071   -0.0156804  0.0515905
-0.0460078  0.0157789   -0.00993615 0.00964856    0.0157789   -0.0271574  -0.00215318 0.014282      -0.00993615 -0.00215318 -0.0339509  -0.00475346   0.00964856  0.014282    -0.00475346 -0.0265897
0.342117    0.0617778   0.0229659   0.0173607     0.0617778   0.343022    -0.0339509  0.0720622     0.0229659   -0.0339509  0.304566    -0.0149812    0.0173607   0.0720622   -0.0149812  0.325567
-0.0305253  0.0158276   -0.0156804  0.000405374   0.0158276   -0.0168849  -0.00475346 0.00883654    -0.0156804  -0.00475346 -0.0149812  0.00229887    0.000405543 0.00883654  0.00229887  -0.0125937

0.0331837   -0.00758147 0.0237496   -0.00200034   -0.00758147 0.0114666   0.00964856  -0.00730432   0.0237496   0.00964856  0.0173607   0.00036818    -0.00200034 -0.00730432 0.00036818  0.00721143
0.111612    -0.0110245  0.0475071   -0.00730424   -0.0110245  0.0645123   0.014282    -0.0183304    0.0475071   0.014282    0.0720622   0.00883654    -0.00730424 -0.0183304  0.00883654  0.0399081
-0.0305253  0.0158276   -0.0156804  0.000405374   0.0158276   -0.0168849  -0.00475346 0.00883654    -0.0156804  -0.00475346 -0.0149812  0.00229887    0.000405543 0.00883654  0.00229887  -0.0125937
0.373022    0.0336001   0.0515905   0.00721143    0.0336001   0.339404    -0.0265897  0.0399081     0.0515905   -0.0265897  0.325567    -0.0125935    0.00721143  0.0399081   -0.0125935  0.311534


    Hamiltonian Matrix BA:    < psi_{i1,B} <psi_{i2,A} | V_e-e | psi_{i3,B} <psi_{i4,A} >

HijkBA: {{{{0.3950355373, 0.1032163078, 0.03558714695, 0.0331837207}, {0.1032163078, 0.009049631392, 0.03832188947, -0.007581469861}, {0.0355877737, 0.03832188947, 0.005270484255, 0.02374959865}, {0.0331837207, -0.007581469861, 0.02374959865, -0.002000343107}}, {{0.1032163078, 0.4047325915, -0.04600779318, 0.1116123337}, {0.009049631392, 0.06336190563, 0.01577288523, -0.0110244819}, {0.03832188947, 0.05869588484, -0.009936149937, 0.04750712593}, {-0.007581469861, 0.0114665551, 0.009648556356, -0.007304315921}}, {{0.03558714695, -0.04600779318, 0.342102754, -0.0305254494}, {0.03832188947, 0.01577288523, 0.06177778215, 0.01582759568}, {0.005270484255, -0.009936149937, 0.02302679716, -0.0156803755}, {0.02374959865, 0.009648556356, 0.01736070052, 0.0003680179472}}, {{0.0331837207, 0.1116123337, -0.0305254494, 0.3730224989}, {-0.007581469861, -0.0110244819, 0.01582759568, 0.03359967705}, {0.02374959865, 0.04750712593, -0.0156803755, 0.05159047127}, {-0.002000343107, -0.007304315921, 0.0003680179472, 0.00721143346}}}, {{{0.1032163078, 0.009049631392, 0.03832188947, -0.007581469861}, {0.4047325915, 0.06336190563, 0.05869588484, 0.01146654275}, {-0.04600779318, 0.01577887728, -0.009936149937, 0.009648556356}, {0.1116123337, -0.0110244819, 0.04750712593, -0.007304243684}}, {{0.009049631392, 0.06336190563, 0.01577288523, -0.0110244819}, {0.06336190563, 0.3698156551, -0.02715737759, 0.06451227813}, {0.01577887728, -0.02715737759, -0.002153175258, 0.01428200854}, {-0.0110244819, 0.06451227813, 0.01428200854, -0.01833035116}}, {{0.03832188947, 0.01577288523, 0.06177778215, 0.01582759568}, {0.05869588484, -0.02715737759, 0.3430223954, -0.01688488929}, {-0.009936149937, -0.002153175258, -0.03395092587, -0.004753462779}, {0.04750712593, 0.01428200854, 0.07206222755, 0.008836543469}}, {{-0.007581469861, -0.0110244819, 0.01582759568, 0.03359967705}, {0.01146654275, 0.06451227813, -0.01688488929, 0.3394016458}, {0.009648556356, 0.01428200854, -0.004753462779, -0.02658965617}, {-0.007304243684, -0.01833035116, 0.008836543469, 0.03990814495}}}, {{{0.0355877737, 0.03832188947, 0.005270484255, 0.02374959865}, {-0.04600779318, 0.01577887728, -0.009936149937, 0.009648556356}, {0.3421168306, 0.06177778215, 0.0229659283, 0.01736067712}, {-0.0305252867, 0.01582759568, -0.0156803755, 0.0004053736205}}, {{0.03832188947, 0.05869588484, -0.009936149937, 0.04750712593}, {0.01577887728, -0.02715737759, -0.002153175258, 0.01428200854}, {0.06177778215, 0.3430223954, -0.03395092587, 0.07206222755}, {0.01582759568, -0.01688488929, -0.004753462779, 0.008836543469}}, {{0.005270484255, -0.009936149937, 0.02302679716, -0.0156803755}, {-0.009936149937, -0.002153175258, -0.03395092587, -0.004753462779}, {0.0229659283, -0.03395092587, 0.304565922, -0.01498115352}, {-0.0156803755, -0.004753462779, -0.01498115352, 0.002298869893}}, {{0.02374959865, 0.04750712593, -0.0156803755, 0.05159047127}, {0.009648556356, 0.01428200854, -0.004753462779, -0.02658965617}, {0.01736067712, 0.07206222755, -0.01498115352, 0.325567298}, {0.0004055432673, 0.008836543469, 0.002298869893, -0.01259366272}}}, {{{0.0331837207, -0.007581469861, 0.02374959865, -0.002000343107}, {0.1116123337, -0.0110244819, 0.04750712593, -0.007304243684}, {-0.0305252867, 0.01582759568, -0.0156803755, 0.0004053736205}, {0.3730224989, 0.03360006833, 0.05159047127, 0.00721143346}}, {{-0.007581469861, 0.0114665551, 0.009648556356, -0.007304315921}, {-0.0110244819, 0.06451227813, 0.01428200854, -0.01833035116}, {0.01582759568, -0.01688488929, -0.004753462779, 0.008836543469}, {0.03360006833, 0.3394037105, -0.02658965617, 0.03990814495}}, {{0.02374959865, 0.009648556356, 0.01736070052, 0.0003681798837}, {0.04750712593, 0.01428200854, 0.07206222755, 0.008836543469}, {-0.0156803755, -0.004753462779, -0.01498115352, 0.002298869893}, {0.05159047127, -0.02658965617, 0.325567298, -0.01259348512}}, {{-0.002000343107, -0.007304315921, 0.0003681798837, 0.00721143346}, {-0.007304243684, -0.01833035116, 0.008836543469, 0.03990814495}, {0.0004055432673, 0.008836543469, 0.002298869893, -0.01259366272}, {0.00721143346, 0.03990814495, -0.01259348512, 0.3115336098}}}}
0.395036    0.103216    0.0355871   0.0331837     0.103216    0.404733    -0.0460078  0.111612      0.0355871   -0.0460078  0.342103    -0.0305254    0.0331837   0.111612    -0.0305254  0.373022
0.103216    0.00904963  0.0383219   -0.00758147   0.00904963  0.0633619   0.0157729   -0.0110245    0.0383219   0.0157729   0.0617778   0.0158276     -0.00758147 -0.0110245  0.0158276   0.0335997
0.0355878   0.0383219   0.00527048  0.0237496     0.0383219   0.0586959   -0.00993615 0.0475071     0.00527048  -0.00993615 0.0230268   -0.0156804    0.0237496   0.0475071   -0.0156804  0.0515905
0.0331837   -0.00758147 0.0237496   -0.00200034   -0.00758147 0.0114666   0.00964856  -0.00730432   0.0237496   0.00964856  0.0173607   0.000368018   -0.00200034 -0.00730432 0.000368018 0.00721143

0.103216    0.00904963  0.0383219   -0.00758147   0.00904963  0.0633619   0.0157729   -0.0110245    0.0383219   0.0157729   0.0617778   0.0158276     -0.00758147 -0.0110245  0.0158276   0.0335997
0.404733    0.0633619   0.0586959   0.0114665     0.0633619   0.369816    -0.0271574  0.0645123     0.0586959   -0.0271574  0.343022    -0.0168849    0.0114665   0.0645123   -0.0168849  0.339402
-0.0460078  0.0157789   -0.00993615 0.00964856    0.0157789   -0.0271574  -0.00215318 0.014282      -0.00993615 -0.00215318 -0.0339509  -0.00475346   0.00964856  0.014282    -0.00475346 -0.0265897
0.111612    -0.0110245  0.0475071   -0.00730424   -0.0110245  0.0645123   0.014282    -0.0183304    0.0475071   0.014282    0.0720622   0.00883654    -0.00730424 -0.0183304  0.00883654  0.0399081

0.0355878   0.0383219   0.00527048  0.0237496     0.0383219   0.0586959   -0.00993615 0.0475071     0.00527048  -0.00993615 0.0230268   -0.0156804    0.0237496   0.0475071   -0.0156804  0.0515905
-0.0460078  0.0157789   -0.00993615 0.00964856    0.0157789   -0.0271574  -0.00215318 0.014282      -0.00993615 -0.00215318 -0.0339509  -0.00475346   0.00964856  0.014282    -0.00475346 -0.0265897
0.342117    0.0617778   0.0229659   0.0173607     0.0617778   0.343022    -0.0339509  0.0720622     0.0229659   -0.0339509  0.304566    -0.0149812    0.0173607   0.0720622   -0.0149812  0.325567
-0.0305253  0.0158276   -0.0156804  0.000405374   0.0158276   -0.0168849  -0.00475346 0.00883654    -0.0156804  -0.00475346 -0.0149812  0.00229887    0.000405543 0.00883654  0.00229887  -0.0125937

0.0331837   -0.00758147 0.0237496   -0.00200034   -0.00758147 0.0114666   0.00964856  -0.00730432   0.0237496   0.00964856  0.0173607   0.00036818    -0.00200034 -0.00730432 0.00036818  0.00721143
0.111612    -0.0110245  0.0475071   -0.00730424   -0.0110245  0.0645123   0.014282    -0.0183304    0.0475071   0.014282    0.0720622   0.00883654    -0.00730424 -0.0183304  0.00883654  0.0399081
-0.0305253  0.0158276   -0.0156804  0.000405374   0.0158276   -0.0168849  -0.00475346 0.00883654    -0.0156804  -0.00475346 -0.0149812  0.00229887    0.000405543 0.00883654  0.00229887  -0.0125937
0.373022    0.0336001   0.0515905   0.00721143    0.0336001   0.339404    -0.0265897  0.0399081     0.0515905   -0.0265897  0.325567    -0.0125935    0.00721143  0.0399081   -0.0125935  0.311534


Energy:  {1.345685299}


Coefficients: {{0.9711571636, 0.2086563187, -0.03924254118, 0.1085187879}, {0.9711571636, 0.2086563187, -0.03924254118, 0.1085187879}}


r2: {3.529822585, 3.529822585}
r2f: {3.18284615}


r3: {8.137876893, 8.137876893}
r3f: {6.975440461}


alpha: {5.249911633, 5.249911633}
alphaf: {4.5}




~~~XDM (a1=0.65, a2=3.17474)~~~

M1^2: {3.35863847, 3.35863847}
M1f^2: {3.18284615}

M2^2: {18.33529156, 18.33529156}
M2f^2: {16.88418269}

M3^2: {146.1255988, 146.1255988}
M3f^2: {125.3927637}

C6XDM: {{8.816277588, 8.816277588}, {8.816277588, 8.816277588}}
C6XDMf: {7.161403837}

C8XDM: {{144.3879907, 144.3879907}, {144.3879907, 144.3879907}}
C8XDMf: {113.9682331}

C10XDM: {{2637.821759, 2637.821759}, {2637.821759, 2637.821759}}
C10XDMf: {1974.936028}

EXDMC6: {-0.0777585201}
EXDMC8: {-0.2631164778}
EXDMC10: {-0.9931541553}

EXDMBJC6: {-0.0002129978542}
EXDMBJC8: {-0.0001011748001}
EXDMBJC10: {-0.00005350045062}

EXDM: {-1.334029153}
EXDMBJ: {-0.0003676731049}




~~~TS (dTS=20, sR=0.62)~~~

C6TS: {{9.7471382, 9.7471382}, {9.7471382, 9.7471382}}
C6TSf: {7.161403837}

ETS: {-0.08596860002}
ETSWY: {-0.000009344637178}




~~~MBD~~~

 alpha: {5.016699961, 5.016699961}
  C6ii: {9.500004539, 9.500004539}
 omega: {0.503299263, 0.503299263}
lambda: {0.3413665003, 0.3413665003, 0.3262430284, 0.1803772678, 0.165253796, 0.165253796}
Energy: {-0.02117514346}

~~~MBD@rsSCS (drsSCS=6, sR=0.62)~~~

 alpha: {5.001724186, 5.001724186}
  C6ii: {9.417813709, 9.417813709}
 omega: {0.501937165, 0.501937165}
lambda: {0.2663234351, 0.2591321763, 0.2591321763, 0.2447496588, 0.2447496588, 0.2375584001}
Energy: {-0.000306941171}




~~~MBDFree1~~~

 alpha: {4.404388594, 4.404388594}
  C6ii: {7.182971746, 7.182971746}
 omega: {0.493709673, 0.493709673}
lambda: {0.3218324679, 0.3218324679, 0.3170701214, 0.170428361, 0.1656660145, 0.1656660145}
Energy: {-0.01884556704}

~~~MBDFree1@rsSCS (drsSCS=6, sR=0.62)~~~

 alpha: {4.38456544, 4.38456544}
  C6ii: {7.111489327, 7.111489327}
 omega: {0.493226255, 0.493226255}
lambda: {0.2554461974, 0.249359168, 0.249359168, 0.2371851093, 0.2371851093, 0.2310980799}
Energy: {-0.0002317334039}




~~~MBDFree2~~~

 alpha: {4.404388594, 4.404388594}
  C6ii: {9.776493533, 9.776493533}
 omega: {0.6719710999, 0.6719710999}
lambda: {0.5961942372, 0.5961942372, 0.5873719963, 0.3157183218, 0.306896081, 0.306896081}
Energy: {-0.0256500472}

~~~MBDFree2@rsSCS (drsSCS=6, sR=0.62)~~~

 alpha: {4.38456544, 4.38456544}
  C6ii: {9.679201294, 9.679201294}
 omega: {0.6713131365, 0.6713131365}
lambda: {0.4732137557, 0.4619375415, 0.4619375415, 0.4393851131, 0.4393851131, 0.4281088989}
Energy: {-0.0003154042928}




~~~MBD@XDM1~~~

 alpha: {4.810931546, 4.810931546}
  C6ii: {8.680794739, 8.680794739}
 omega: {0.5000804411, 0.5000804411}
lambda: {0.3348023372, 0.3348023372, 0.3232592799, 0.1769016153, 0.1653585579, 0.1653585579}
Energy: {-0.02039937932}

~~~MBD@XDM1@rsSCS (drsSCS=6, sR=0.62)~~~

 alpha: {4.793965981, 4.793965981}
  C6ii: {8.601355488, 8.601355488}
 omega: {0.4990174563, 0.4990174563}
lambda: {0.2626436218, 0.2558310217, 0.2558310217, 0.2422058216, 0.2422058216, 0.2353932216}
Energy: {-0.0002803140723}




~~~MBD@XDM2~~~

 alpha: {5.016699961, 5.016699961}
  C6ii: {8.592745418, 8.592745418}
 omega: {0.4552337231, 0.4552337231}
lambda: {0.2792782818, 0.2792782818, 0.2669054883, 0.1475699971, 0.1351972035, 0.1351972035}
Energy: {-0.0191528979}

~~~MBD@XDM2@rsSCS (drsSCS=6, sR=0.62)~~~

 alpha: {5.001724186, 5.001724186}
  C6ii: {8.518403887, 8.518403887}
 omega: {0.4540017067, 0.4540017067}
lambda: {0.2178841547, 0.2120008522, 0.2120008522, 0.2002342472, 0.2002342472, 0.1943509447}
Energy: {-0.0002776280085}




    ENERGY MATRIX: {Non-Interacting, Electron-Nuclear, Electron-Electron, Nuclear-Nuclear, Total Energy}
Oscillator 1 Energy: {0.7403870027, -0.5407666459, 0.2459496685, 0.227272624, 0.6728426493}
Oscillator 2 Energy: {0.7403870027, -0.5407666459, 0.2459496685, 0.227272624, 0.6728426493}
Energy Totals: {1.480774005, -1.081533292, 0.4918993371, 0.4545452479, 1.345685299}


    COEFFICIENT MATRIX: {c1, c2, c5, c6, c11, c14}
Oscillator 1 Cs: {0.9711571636, 0.2086563187, -0.03924254118, 0.1085187879}
Oscillator 2 Cs: {0.9711571636, 0.2086563187, -0.03924254118, 0.1085187879}


    GENERAL RESULTS: {R, E, r2, r2f, r3, r3f, alpha, alphaf}
Oscillator 1 General Results: {2.200001, 1.345685299, 3.529822585, 3.18284615, 8.137876893, 6.975440461, 5.249911633, 4.5}
Oscillator 2 General Results: {2.200001, 1.345685299, 3.529822585, 3.18284615, 8.137876893, 6.975440461, 5.249911633, 4.5}


    XDM RESULTS: {M1^2, M1f^2, M2^2, M2f^2, M3^2, M3f^2, C6XDMii, C6XDMij, C6XDMf, C8XDMii, C8XDMij, C8XDMf, C10XDMii, C10XDMij, C10XDMf, EXDMC6, EXDMC8, EXDMC10, EXDMBJC6, EXDMBJC8, EXDMBJC10, EXDM, EXDMBJ}
Oscillator 1 XDM Results: {3.35863847, 3.18284615, 18.33529156, 16.88418269, 146.1255988, 125.3927637, 8.816277588, {{8.816277588, 8.816277588}, {8.816277588, 8.816277588}}, 7.161403837, 144.3879907, {{144.3879907, 144.3879907}, {144.3879907, 144.3879907}}, 113.9682331, 2637.821759, {{2637.821759, 2637.821759}, {2637.821759, 2637.821759}}, 1974.936028, -0.0777585201, -0.2631164778, -0.9931541553, -0.0002129978542, -0.0001011748001, -0.00005350045062, -1.334029153, -0.0003676731049}
Oscillator 2 XDM Results: {3.35863847, 3.18284615, 18.33529156, 16.88418269, 146.1255988, 125.3927637, 8.816277588, {{8.816277588, 8.816277588}, {8.816277588, 8.816277588}}, 7.161403837, 144.3879907, {{144.3879907, 144.3879907}, {144.3879907, 144.3879907}}, 113.9682331, 2637.821759, {{2637.821759, 2637.821759}, {2637.821759, 2637.821759}}, 1974.936028, -0.0777585201, -0.2631164778, -0.9931541553, -0.0002129978542, -0.0001011748001, -0.00005350045062, -1.334029153, -0.0003676731049}


    TS RESULTS: {C6TSii, C6TSij, C6TSf, ETS, ETSWY}
Oscillator 1 TS Results: {9.7471382, {{9.7471382, 9.7471382}, {9.7471382, 9.7471382}}, 7.161403837, -0.08596860002, -0.000009344637178}
Oscillator 2 TS Results: {9.7471382, {{9.7471382, 9.7471382}, {9.7471382, 9.7471382}}, 7.161403837, -0.08596860002, -0.000009344637178}


    MBD RESULTS: {MBD_alpha, MBD_C6, MBD_omega, MBD_Energy, MBDF1_alpha, MBDF1_C6, MBDF1_omega, MBDF1_Energy, MBDF2_alpha, MBDF2_C6, MBDF2_omega, MBDF2_Energy, MBDX1_alpha, MBDX1_C6, MBDX1_omega, MBDX1_Energy, MBDX2_alpha, MBDX2_C6, MBDX2_omega, MBDX2_Energy}
Oscillator 1 MBD Results: {5.016699961, 9.500004539, 0.503299263, -0.02117514346, 4.404388594, 7.182971746, 0.493709673, -0.01884556704, 4.404388594, 9.776493533, 0.6719710999, -0.0256500472, 4.810931546, 8.680794739, 0.5000804411, -0.02039937932, 5.016699961, 8.592745418, 0.4552337231, -0.0191528979}
Oscillator 2 MBD Results: {5.016699961, 9.500004539, 0.503299263, -0.02117514346, 4.404388594, 7.182971746, 0.493709673, -0.01884556704, 4.404388594, 9.776493533, 0.6719710999, -0.0256500472, 4.810931546, 8.680794739, 0.5000804411, -0.02039937932, 5.016699961, 8.592745418, 0.4552337231, -0.0191528979}


    MBDRSSCS RESULTS: {MBDrsSCS_alpha, MBDrsSCS_C6, MBDrsSCS_omega, MBDrsSCS_Energy, MBDF1rsSCS_alpha, MBDF1rsSCS_C6, MBDF1rsSCS_omega, MBDF1rsSCS_Energy, MBDF2rsSCS_alpha, MBDF2rsSCS_C6, MBDF2rsSCS_omega, MBDF2rsSCS_Energy, MBDX1rsSCS_alpha, MBDX1rsSCS_C6, MBDX1rsSCS_omega, MBDX1rsSCS_Energy, MBDX2rsSCS_alpha, MBDX2rsSCS_C6, MBDX2rsSCS_omega, MBDX2rsSCS_Energy}
Oscillator 1 MBDrsSCS Results: {5.001724186, 9.417813709, 0.501937165, -0.000306941171, 4.38456544, 7.111489327, 0.493226255, -0.0002317334039, 4.38456544, 9.679201294, 0.6713131365, -0.0003154042928, 4.793965981, 8.601355488, 0.4990174563, -0.0002803140723, 5.001724186, 8.518403887, 0.4540017067, -0.0002776280085}
Oscillator 2 MBDrsSCS Results: {5.001724186, 9.417813709, 0.501937165, -0.000306941171, 4.38456544, 7.111489327, 0.493226255, -0.0002317334039, 4.38456544, 9.679201294, 0.6713131365, -0.0003154042928, 4.793965981, 8.601355488, 0.4990174563, -0.0002803140723, 5.001724186, 8.518403887, 0.4540017067, -0.0002776280085}


         {R, Energy}
SUMMARY: {2.200001, 1.345685299}