Oscillators N=2 2022-12-24  w=0.375000 a=7.11498.nb ( N = 2, M = 4 )
~~~~~~~~~~~~~~~~~~~~~~~~~~~~~~~~~~~~~~
Run Commenced: Tue 27 Dec 2022 00:39:55
Run Completed: Tue 27 Dec 2022 00:57:22
Time Elapsed: 00:17:26

Oscillators Used: 2
Wavefunctions Used: 4
Internuclear Separation: 2.8
omega: 0.375
nu : 0.187398

For display purposes, the threshold of Hamiltonian matrix elements has been set to: 10^-6.


    Hamiltonian Matrix A:    < psi_{i,A} | H_k | psi_{j,A} >
    H_1 = T_kin,    H_2 = V_pot,    H_3 = V_1-B,    H_4 = V_A-B

HijkA: {{{0.28125, 0.28125, -0.3516635444, 0.3571427296}, {0., 0., -0.1299744038, 0.}, {0.2296396634, -0.2296396634, -0.0149329362, 0.}, {0., 0., -0.071745745, 0.}}, {{0., 0., -0.1299744038, 0.}, {0.46875, 0.46875, -0.4223155989, 0.3571427296}, {0., 0., 0.06992305452, 0.}, {0., 0., -0.187672585, 0.}}, {{0.2296396634, -0.2296396634, -0.0149329362, 0.}, {0., 0., 0.06992305452, 0.}, {0.65625, 0.65625, -0.3097401636, 0.3571427296}, {0., 0., 0.0664932344, 0.}}, {{0., 0., -0.071745745, 0.}, {0., 0., -0.187672585, 0.}, {0., 0., 0.0664932344, 0.}, {0.65625, 0.65625, -0.4287633241, 0.3571427296}}}
0.28125      0.           0.22964      0.
0.28125      0.           -0.22964     0.
-0.351664    -0.129974    -0.0149329   -0.0717457
0.357143     0.           0.           0.

0.           0.46875      0.           0.
0.           0.46875      0.           0.
-0.129974    -0.422316    0.0699231    -0.187673
0.           0.357143     0.           0.

0.22964      0.           0.65625      0.
-0.22964     0.           0.65625      0.
-0.0149329   0.0699231    -0.30974     0.0664932
0.           0.           0.357143     0.

0.           0.           0.           0.65625
0.           0.           0.           0.65625
-0.0717457   -0.187673    0.0664932    -0.428763
0.           0.           0.           0.357143


    Hamiltonian Matrix B:    < psi_{i,B} | H_k | psi_{j,B} >
    H_1 = T_kin,    H_2 = V_pot,    H_3 = V_2-A,    H_4 = V_B-A 

HijkB: {{{0.28125, 0.28125, -0.3516635444, 0.3571427296}, {0., 0., -0.1299744038, 0.}, {0.2296396634, -0.2296396634, -0.0149329362, 0.}, {0., 0., -0.071745745, 0.}}, {{0., 0., -0.1299744038, 0.}, {0.46875, 0.46875, -0.4223155989, 0.3571427296}, {0., 0., 0.06992305452, 0.}, {0., 0., -0.187672585, 0.}}, {{0.2296396634, -0.2296396634, -0.0149329362, 0.}, {0., 0., 0.06992305452, 0.}, {0.65625, 0.65625, -0.3097401636, 0.3571427296}, {0., 0., 0.0664932344, 0.}}, {{0., 0., -0.071745745, 0.}, {0., 0., -0.187672585, 0.}, {0., 0., 0.0664932344, 0.}, {0.65625, 0.65625, -0.4287633241, 0.3571427296}}}
0.28125      0.           0.22964      0.
0.28125      0.           -0.22964     0.
-0.351664    -0.129974    -0.0149329   -0.0717457
0.357143     0.           0.           0.

0.           0.46875      0.           0.
0.           0.46875      0.           0.
-0.129974    -0.422316    0.0699231    -0.187673
0.           0.357143     0.           0.

0.22964      0.           0.65625      0.
-0.22964     0.           0.65625      0.
-0.0149329   0.0699231    -0.30974     0.0664932
0.           0.           0.357143     0.

0.           0.           0.           0.65625
0.           0.           0.           0.65625
-0.0717457   -0.187673    0.0664932    -0.428763
0.           0.           0.           0.357143


    Hamiltonian Matrix AB:    < psi_{i1,A} <psi_{i2,B} | V_e-e | psi_{i3,A} <psi_{i4,B} >

HijkAB: {{{{0.3265602672, 0.08846893906, 0.02295696504, 0.03075892696}, {0.08846893906, 0.0167373202, 0.02785486476, -0.001451529287}, {0.02295911833, 0.02785478085, 0.0002220906375, 0.0195293719}, {0.03075892696, -0.001451529287, 0.0195293719, -0.001529065162}}, {{0.08846893906, 0.3431731289, -0.04438360955, 0.1009023796}, {0.0167373202, 0.06405610817, 0.008774337737, 0.001406669304}, {0.02785478085, 0.04517128657, -0.01102768709, 0.0398514174}, {-0.001451529287, 0.01300975844, 0.008759161796, -0.004416841211}}, {{0.02295593242, -0.04438360955, 0.2894730155, -0.03080484044}, {0.02785486476, 0.008774337737, 0.05487149404, 0.0101524417}, {0.0002220906375, -0.01102768709, 0.01689921844, -0.01591939793}, {0.0195293719, 0.008759161796, 0.01503077382, 0.002281337251}}, {{0.03075892696, 0.1009023796, -0.03080484044, 0.3230665353}, {-0.001451529287, 0.001406669304, 0.0101524417, 0.03856987585}, {0.0195293719, 0.0398514174, -0.01591939793, 0.04472652827}, {-0.001529065162, -0.004416841211, 0.002281337251, 0.006721942871}}}, {{{0.08846893906, 0.0167373202, 0.02785486476, -0.001451529287}, {0.3431731289, 0.06405610817, 0.04517128657, 0.01302127719}, {-0.04438360955, 0.008790874561, -0.01102778428, 0.008759161796}, {0.1009023796, 0.001406669304, 0.0398514174, -0.004416841211}}, {{0.0167373202, 0.06405610817, 0.008774337737, 0.001406669304}, {0.06405610817, 0.3211754571, -0.02518051858, 0.06293490899}, {0.008790874561, -0.02518051858, -0.002025281892, 0.01116814643}, {0.001406669304, 0.06293490899, 0.01116814643, -0.007304045723}}, {{0.02785486476, 0.008774337737, 0.05487149404, 0.0101524417}, {0.04517128657, -0.02518051858, 0.2928067721, -0.0151392751}, {-0.01102778428, -0.002025281892, -0.03313173229, -0.004727987861}, {0.0398514174, 0.01116814643, 0.06514022823, 0.00698024602}}, {{-0.001451529287, 0.001406669304, 0.0101524417, 0.03856987585}, {0.01302126909, 0.06293490899, -0.0151392751, 0.2942005833}, {0.008759161796, 0.01116814643, -0.004727987861, -0.02291142878}, {-0.004416841211, -0.007304045723, 0.00698024602, 0.04117353516}}}, {{{0.02295865758, 0.02785478085, 0.0002220906375, 0.0195293719}, {-0.04438360955, 0.008790874561, -0.01102778428, 0.008759161796}, {0.2894684861, 0.05487149404, 0.01690097551, 0.01503077382}, {-0.03080484044, 0.01015238012, -0.01591939793, 0.002262710309}}, {{0.02785478085, 0.04517128657, -0.01102768709, 0.0398514174}, {0.008790874561, -0.02518051858, -0.002025281892, 0.01116814643}, {0.05487149404, 0.2928067721, -0.03313173229, 0.06514022823}, {0.01015238012, -0.0151392751, -0.004727987861, 0.00698024602}}, {{0.0002220906375, -0.01102768709, 0.01689921844, -0.01591939793}, {-0.01102778428, -0.002025281892, -0.03313173229, -0.004727987861}, {0.01690097551, -0.03313173229, 0.2618024374, -0.01635362041}, {-0.01591939793, -0.004727987861, -0.01635362041, 0.0008752812699}}, {{0.0195293719, 0.0398514174, -0.01591939793, 0.04472652827}, {0.008759161796, 0.01116814643, -0.004727987861, -0.02291142878}, {0.01503077382, 0.06514022823, -0.01635362041, 0.2818465168}, {0.002262710309, 0.00698024602, 0.0008752812699, -0.0110749032}}}, {{{0.03075892696, -0.001451529287, 0.0195293719, -0.001529065162}, {0.1009023796, 0.001406669304, 0.0398514174, -0.004416841211}, {-0.03080484044, 0.01015238012, -0.01591939793, 0.002262710309}, {0.3230665353, 0.03856987585, 0.04472652827, 0.00672287385}}, {{-0.001451529287, 0.01300973039, 0.008759161796, -0.004416841211}, {0.001406669304, 0.06293490899, 0.01116814643, -0.007304045723}, {0.01015238012, -0.0151392751, -0.004727987861, 0.00698024602}, {0.03856987585, 0.2942012041, -0.02291142878, 0.04117353516}}, {{0.0195293719, 0.008759161796, 0.01503077382, 0.002281337251}, {0.0398514174, 0.01116814643, 0.06514022823, 0.00698024602}, {-0.01591939793, -0.004727987861, -0.01635362041, 0.0008752812699}, {0.04472652827, -0.02291142878, 0.2818465168, -0.0110749032}}, {{-0.001529065162, -0.004416841211, 0.002281337251, 0.006721942871}, {-0.004416841211, -0.007304045723, 0.00698024602, 0.04117353516}, {0.002262710309, 0.00698024602, 0.0008752812699, -0.0110749032}, {0.00672287385, 0.04117353516, -0.0110749032, 0.2697935254}}}}
0.32656     0.0884689   0.022957    0.0307589     0.0884689   0.343173    -0.0443836  0.100902      0.0229559   -0.0443836  0.289473    -0.0308048    0.0307589   0.100902    -0.0308048  0.323067
0.0884689   0.0167373   0.0278549   -0.00145153   0.0167373   0.0640561   0.00877434  0.00140667    0.0278549   0.00877434  0.0548715   0.0101524     -0.00145153 0.00140667  0.0101524   0.0385699
0.0229591   0.0278548   0.000222091 0.0195294     0.0278548   0.0451713   -0.0110277  0.0398514     0.000222091 -0.0110277  0.0168992   -0.0159194    0.0195294   0.0398514   -0.0159194  0.0447265
0.0307589   -0.00145153 0.0195294   -0.00152907   -0.00145153 0.0130098   0.00875916  -0.00441684   0.0195294   0.00875916  0.0150308   0.00228134    -0.00152907 -0.00441684 0.00228134  0.00672194

0.0884689   0.0167373   0.0278549   -0.00145153   0.0167373   0.0640561   0.00877434  0.00140667    0.0278549   0.00877434  0.0548715   0.0101524     -0.00145153 0.00140667  0.0101524   0.0385699
0.343173    0.0640561   0.0451713   0.0130213     0.0640561   0.321175    -0.0251805  0.0629349     0.0451713   -0.0251805  0.292807    -0.0151393    0.0130213   0.0629349   -0.0151393  0.294201
-0.0443836  0.00879087  -0.0110278  0.00875916    0.00879087  -0.0251805  -0.00202528 0.0111681     -0.0110278  -0.00202528 -0.0331317  -0.00472799   0.00875916  0.0111681   -0.00472799 -0.0229114
0.100902    0.00140667  0.0398514   -0.00441684   0.00140667  0.0629349   0.0111681   -0.00730405   0.0398514   0.0111681   0.0651402   0.00698025    -0.00441684 -0.00730405 0.00698025  0.0411735

0.0229587   0.0278548   0.000222091 0.0195294     0.0278548   0.0451713   -0.0110277  0.0398514     0.000222091 -0.0110277  0.0168992   -0.0159194    0.0195294   0.0398514   -0.0159194  0.0447265
-0.0443836  0.00879087  -0.0110278  0.00875916    0.00879087  -0.0251805  -0.00202528 0.0111681     -0.0110278  -0.00202528 -0.0331317  -0.00472799   0.00875916  0.0111681   -0.00472799 -0.0229114
0.289468    0.0548715   0.016901    0.0150308     0.0548715   0.292807    -0.0331317  0.0651402     0.016901    -0.0331317  0.261802    -0.0163536    0.0150308   0.0651402   -0.0163536  0.281847
-0.0308048  0.0101524   -0.0159194  0.00226271    0.0101524   -0.0151393  -0.00472799 0.00698025    -0.0159194  -0.00472799 -0.0163536  0.000875281   0.00226271  0.00698025  0.000875281 -0.0110749

0.0307589   -0.00145153 0.0195294   -0.00152907   -0.00145153 0.0130097   0.00875916  -0.00441684   0.0195294   0.00875916  0.0150308   0.00228134    -0.00152907 -0.00441684 0.00228134  0.00672194
0.100902    0.00140667  0.0398514   -0.00441684   0.00140667  0.0629349   0.0111681   -0.00730405   0.0398514   0.0111681   0.0651402   0.00698025    -0.00441684 -0.00730405 0.00698025  0.0411735
-0.0308048  0.0101524   -0.0159194  0.00226271    0.0101524   -0.0151393  -0.00472799 0.00698025    -0.0159194  -0.00472799 -0.0163536  0.000875281   0.00226271  0.00698025  0.000875281 -0.0110749
0.323067    0.0385699   0.0447265   0.00672287    0.0385699   0.294201    -0.0229114  0.0411735     0.0447265   -0.0229114  0.281847    -0.0110749    0.00672287  0.0411735   -0.0110749  0.269794


    Hamiltonian Matrix BA:    < psi_{i1,B} <psi_{i2,A} | V_e-e | psi_{i3,B} <psi_{i4,A} >

HijkBA: {{{{0.3265602672, 0.08846893906, 0.02295696504, 0.03075892696}, {0.08846893906, 0.0167373202, 0.02785486476, -0.001451529287}, {0.02295911833, 0.02785478085, 0.0002220906375, 0.0195293719}, {0.03075892696, -0.001451529287, 0.0195293719, -0.001529065162}}, {{0.08846893906, 0.3431731289, -0.04438360955, 0.1009023796}, {0.0167373202, 0.06405610817, 0.008774337737, 0.001406669304}, {0.02785478085, 0.04517128657, -0.01102768709, 0.0398514174}, {-0.001451529287, 0.01300975844, 0.008759161796, -0.004416841211}}, {{0.02295593242, -0.04438360955, 0.2894730155, -0.03080484044}, {0.02785486476, 0.008774337737, 0.05487149404, 0.0101524417}, {0.0002220906375, -0.01102768709, 0.01689921844, -0.01591939793}, {0.0195293719, 0.008759161796, 0.01503077382, 0.002281337251}}, {{0.03075892696, 0.1009023796, -0.03080484044, 0.3230665353}, {-0.001451529287, 0.001406669304, 0.0101524417, 0.03856987585}, {0.0195293719, 0.0398514174, -0.01591939793, 0.04472652827}, {-0.001529065162, -0.004416841211, 0.002281337251, 0.006721942871}}}, {{{0.08846893906, 0.0167373202, 0.02785486476, -0.001451529287}, {0.3431731289, 0.06405610817, 0.04517128657, 0.01302127719}, {-0.04438360955, 0.008790874561, -0.01102778428, 0.008759161796}, {0.1009023796, 0.001406669304, 0.0398514174, -0.004416841211}}, {{0.0167373202, 0.06405610817, 0.008774337737, 0.001406669304}, {0.06405610817, 0.3211754571, -0.02518051858, 0.06293490899}, {0.008790874561, -0.02518051858, -0.002025281892, 0.01116814643}, {0.001406669304, 0.06293490899, 0.01116814643, -0.007304045723}}, {{0.02785486476, 0.008774337737, 0.05487149404, 0.0101524417}, {0.04517128657, -0.02518051858, 0.2928067721, -0.0151392751}, {-0.01102778428, -0.002025281892, -0.03313173229, -0.004727987861}, {0.0398514174, 0.01116814643, 0.06514022823, 0.00698024602}}, {{-0.001451529287, 0.001406669304, 0.0101524417, 0.03856987585}, {0.01302126909, 0.06293490899, -0.0151392751, 0.2942005833}, {0.008759161796, 0.01116814643, -0.004727987861, -0.02291142878}, {-0.004416841211, -0.007304045723, 0.00698024602, 0.04117353516}}}, {{{0.02295865758, 0.02785478085, 0.0002220906375, 0.0195293719}, {-0.04438360955, 0.008790874561, -0.01102778428, 0.008759161796}, {0.2894684861, 0.05487149404, 0.01690097551, 0.01503077382}, {-0.03080484044, 0.01015238012, -0.01591939793, 0.002262710309}}, {{0.02785478085, 0.04517128657, -0.01102768709, 0.0398514174}, {0.008790874561, -0.02518051858, -0.002025281892, 0.01116814643}, {0.05487149404, 0.2928067721, -0.03313173229, 0.06514022823}, {0.01015238012, -0.0151392751, -0.004727987861, 0.00698024602}}, {{0.0002220906375, -0.01102768709, 0.01689921844, -0.01591939793}, {-0.01102778428, -0.002025281892, -0.03313173229, -0.004727987861}, {0.01690097551, -0.03313173229, 0.2618024374, -0.01635362041}, {-0.01591939793, -0.004727987861, -0.01635362041, 0.0008752812699}}, {{0.0195293719, 0.0398514174, -0.01591939793, 0.04472652827}, {0.008759161796, 0.01116814643, -0.004727987861, -0.02291142878}, {0.01503077382, 0.06514022823, -0.01635362041, 0.2818465168}, {0.002262710309, 0.00698024602, 0.0008752812699, -0.0110749032}}}, {{{0.03075892696, -0.001451529287, 0.0195293719, -0.001529065162}, {0.1009023796, 0.001406669304, 0.0398514174, -0.004416841211}, {-0.03080484044, 0.01015238012, -0.01591939793, 0.002262710309}, {0.3230665353, 0.03856987585, 0.04472652827, 0.00672287385}}, {{-0.001451529287, 0.01300973039, 0.008759161796, -0.004416841211}, {0.001406669304, 0.06293490899, 0.01116814643, -0.007304045723}, {0.01015238012, -0.0151392751, -0.004727987861, 0.00698024602}, {0.03856987585, 0.2942012041, -0.02291142878, 0.04117353516}}, {{0.0195293719, 0.008759161796, 0.01503077382, 0.002281337251}, {0.0398514174, 0.01116814643, 0.06514022823, 0.00698024602}, {-0.01591939793, -0.004727987861, -0.01635362041, 0.0008752812699}, {0.04472652827, -0.02291142878, 0.2818465168, -0.0110749032}}, {{-0.001529065162, -0.004416841211, 0.002281337251, 0.006721942871}, {-0.004416841211, -0.007304045723, 0.00698024602, 0.04117353516}, {0.002262710309, 0.00698024602, 0.0008752812699, -0.0110749032}, {0.00672287385, 0.04117353516, -0.0110749032, 0.2697935254}}}}
0.32656     0.0884689   0.022957    0.0307589     0.0884689   0.343173    -0.0443836  0.100902      0.0229559   -0.0443836  0.289473    -0.0308048    0.0307589   0.100902    -0.0308048  0.323067
0.0884689   0.0167373   0.0278549   -0.00145153   0.0167373   0.0640561   0.00877434  0.00140667    0.0278549   0.00877434  0.0548715   0.0101524     -0.00145153 0.00140667  0.0101524   0.0385699
0.0229591   0.0278548   0.000222091 0.0195294     0.0278548   0.0451713   -0.0110277  0.0398514     0.000222091 -0.0110277  0.0168992   -0.0159194    0.0195294   0.0398514   -0.0159194  0.0447265
0.0307589   -0.00145153 0.0195294   -0.00152907   -0.00145153 0.0130098   0.00875916  -0.00441684   0.0195294   0.00875916  0.0150308   0.00228134    -0.00152907 -0.00441684 0.00228134  0.00672194

0.0884689   0.0167373   0.0278549   -0.00145153   0.0167373   0.0640561   0.00877434  0.00140667    0.0278549   0.00877434  0.0548715   0.0101524     -0.00145153 0.00140667  0.0101524   0.0385699
0.343173    0.0640561   0.0451713   0.0130213     0.0640561   0.321175    -0.0251805  0.0629349     0.0451713   -0.0251805  0.292807    -0.0151393    0.0130213   0.0629349   -0.0151393  0.294201
-0.0443836  0.00879087  -0.0110278  0.00875916    0.00879087  -0.0251805  -0.00202528 0.0111681     -0.0110278  -0.00202528 -0.0331317  -0.00472799   0.00875916  0.0111681   -0.00472799 -0.0229114
0.100902    0.00140667  0.0398514   -0.00441684   0.00140667  0.0629349   0.0111681   -0.00730405   0.0398514   0.0111681   0.0651402   0.00698025    -0.00441684 -0.00730405 0.00698025  0.0411735

0.0229587   0.0278548   0.000222091 0.0195294     0.0278548   0.0451713   -0.0110277  0.0398514     0.000222091 -0.0110277  0.0168992   -0.0159194    0.0195294   0.0398514   -0.0159194  0.0447265
-0.0443836  0.00879087  -0.0110278  0.00875916    0.00879087  -0.0251805  -0.00202528 0.0111681     -0.0110278  -0.00202528 -0.0331317  -0.00472799   0.00875916  0.0111681   -0.00472799 -0.0229114
0.289468    0.0548715   0.016901    0.0150308     0.0548715   0.292807    -0.0331317  0.0651402     0.016901    -0.0331317  0.261802    -0.0163536    0.0150308   0.0651402   -0.0163536  0.281847
-0.0308048  0.0101524   -0.0159194  0.00226271    0.0101524   -0.0151393  -0.00472799 0.00698025    -0.0159194  -0.00472799 -0.0163536  0.000875281   0.00226271  0.00698025  0.000875281 -0.0110749

0.0307589   -0.00145153 0.0195294   -0.00152907   -0.00145153 0.0130097   0.00875916  -0.00441684   0.0195294   0.00875916  0.0150308   0.00228134    -0.00152907 -0.00441684 0.00228134  0.00672194
0.100902    0.00140667  0.0398514   -0.00441684   0.00140667  0.0629349   0.0111681   -0.00730405   0.0398514   0.0111681   0.0651402   0.00698025    -0.00441684 -0.00730405 0.00698025  0.0411735
-0.0308048  0.0101524   -0.0159194  0.00226271    0.0101524   -0.0151393  -0.00472799 0.00698025    -0.0159194  -0.00472799 -0.0163536  0.000875281   0.00226271  0.00698025  0.000875281 -0.0110749
0.323067    0.0385699   0.0447265   0.00672287    0.0385699   0.294201    -0.0229114  0.0411735     0.0447265   -0.0229114  0.281847    -0.0110749    0.00672287  0.0411735   -0.0110749  0.269794


Energy:  {1.084947231}


Coefficients: {{0.9830352218, 0.1544600351, -0.04021655911, 0.09036857097}, {0.9830352218, 0.1544600351, -0.04021655911, 0.09036857097}}


r2: {4.376420909, 4.376420909}
r2f: {4.002178649}


r3: {11.23899672, 11.23899672}
r3f: {9.835419146}


alpha: {8.130333412, 8.130333412}
alphaf: {7.11498}




~~~XDM (a1=0.65, a2=3.17474)~~~

M1^2: {4.128975666, 4.128975666}
M1f^2: {4.002178816}

M2^2: {28.27467924, 28.27467924}
M2f^2: {26.69572323}

M3^2: {275.8176359, 275.8176359}
M3f^2: {249.2957916}

C6XDM: {{16.78497441, 16.78497441}, {16.78497441, 16.78497441}}
C6XDMf: {14.23771112}

C8XDM: {{344.823854, 344.823854}, {344.823854, 344.823854}}
C8XDMf: {284.9093053}

C10XDM: {{7790.810083, 7790.810083}, {7790.810083, 7790.810083}}
C10XDMf: {6208.070889}

EXDMC6: {-0.03483145085}
EXDMC8: {-0.09127079008}
EXDMC10: {-0.2630272554}

EXDMBJC6: {-0.0002951879025}
EXDMBJC8: {-0.0001592225112}
EXDMBJC10: {-0.0000939472979}

EXDM: {-0.3891294963}
EXDMBJ: {-0.0005483577116}




~~~TS (dTS=20, sR=0.62)~~~

C6TS: {{18.59128981, 18.59128981}, {18.59128981, 18.59128981}}
C6TSf: {14.23771112}

ETS: {-0.03857983823}
ETSWY: {-0.00008936468621}




~~~MBD~~~

 alpha: {8.091464234, 8.091464234}
  C6ii: {18.9936636, 18.9936636}
 omega: {0.3868060346, 0.3868060346}
lambda: {0.1956936912, 0.1940226595, 0.1940226595, 0.1052151573, 0.1052151573, 0.1035441256}
Energy: {-0.01349144729}

~~~MBD@rsSCS (drsSCS=6, sR=0.62)~~~

 alpha: {8.000985728, 8.000985728}
  C6ii: {18.57655164, 18.57655164}
 omega: {0.386916138, 0.386916138}
lambda: {0.1649249299, 0.1573145139, 0.1573145139, 0.1420936819, 0.1420936819, 0.1344832659}
Energy: {-0.0007517678078}




~~~MBDFree1~~~

 alpha: {7.174425634, 7.174425634}
  C6ii: {14.73740495, 14.73740495}
 omega: {0.3817556533, 0.3817556533}
lambda: {0.1910874132, 0.1855140565, 0.1855140565, 0.1059607012, 0.1059607012, 0.1003873445}
Energy: {-0.01204993761}

~~~MBDFree1@rsSCS (drsSCS=6, sR=0.62)~~~

 alpha: {7.084727236, 7.084727236}
  C6ii: {14.40931649, 14.40931649}
 omega: {0.3827681984, 0.3827681984}
lambda: {0.1597018352, 0.1531066645, 0.1531066645, 0.139916323, 0.139916323, 0.1333211522}
Energy: {-0.000582818423}




~~~MBDFree2~~~

 alpha: {7.174425634, 7.174425634}
  C6ii: {19.24377902, 19.24377902}
 omega: {0.4984881298, 0.4984881298}
lambda: {0.3258147711, 0.3163118849, 0.3163118849, 0.1806689463, 0.1806689463, 0.1711660601}
Energy: {-0.01573454332}

~~~MBDFree2@rsSCS (drsSCS=6, sR=0.62)~~~

 alpha: {7.084727236, 7.084727236}
  C6ii: {18.81536833, 18.81536833}
 omega: {0.499810289, 0.499810289}
lambda: {0.272300598, 0.2610554615, 0.2610554615, 0.2385651885, 0.2385651885, 0.227320052}
Energy: {-0.0007610314692}




~~~MBD@XDM1~~~

 alpha: {7.730508886, 7.730508886}
  C6ii: {17.24533175, 17.24533175}
 omega: {0.3847637267, 0.3847637267}
lambda: {0.1938882886, 0.1906256386, 0.1906256386, 0.1054606122, 0.1054606122, 0.1021979622}
Energy: {-0.01293140228}

~~~MBD@XDM1@rsSCS (drsSCS=6, sR=0.62)~~~

 alpha: {7.639420195, 7.639420195}
  C6ii: {16.86253253, 16.86253253}
 omega: {0.3852483083, 0.3852483083}
lambda: {0.1628242388, 0.1556202489, 0.1556202489, 0.1412122692, 0.1412122692, 0.1340082794}
Energy: {-0.0006822566864}




~~~MBD@XDM2~~~

 alpha: {8.091464234, 8.091464234}
  C6ii: {17.14825387, 17.14825387}
 omega: {0.3492242581, 0.3492242581}
lambda: {0.1595141265, 0.1581520327, 0.1581520327, 0.08576313219, 0.08576313219, 0.08440103842}
Energy: {-0.01218062866}

~~~MBD@XDM2@rsSCS (drsSCS=6, sR=0.62)~~~

 alpha: {8.000985728, 8.000985728}
  C6ii: {16.77166818, 16.77166818}
 omega: {0.349323664, 0.349323664}
lambda: {0.134433849, 0.1282304356, 0.1282304356, 0.1158236088, 0.1158236088, 0.1096201955}
Energy: {-0.0006787266264}




    ENERGY MATRIX: {Non-Interacting, Electron-Nuclear, Electron-Electron, Nuclear-Nuclear, Total Energy}
Oscillator 1 Energy: {0.5787846011, -0.4115391402, 0.1966567897, 0.1785713648, 0.5424736154}
Oscillator 2 Energy: {0.5787846011, -0.4115391402, 0.1966567897, 0.1785713648, 0.5424736154}
Energy Totals: {1.157569202, -0.8230782805, 0.3933135795, 0.3571427296, 1.084947231}


    COEFFICIENT MATRIX: {c1, c2, c5, c6, c11, c14}
Oscillator 1 Cs: {0.9830352218, 0.1544600351, -0.04021655911, 0.09036857097}
Oscillator 2 Cs: {0.9830352218, 0.1544600351, -0.04021655911, 0.09036857097}


    GENERAL RESULTS: {R, E, r2, r2f, r3, r3f, alpha, alphaf}
Oscillator 1 General Results: {2.800001, 1.084947231, 4.376420909, 4.002178649, 11.23899672, 9.835419146, 8.130333412, 7.11498}
Oscillator 2 General Results: {2.800001, 1.084947231, 4.376420909, 4.002178649, 11.23899672, 9.835419146, 8.130333412, 7.11498}


    XDM RESULTS: {M1^2, M1f^2, M2^2, M2f^2, M3^2, M3f^2, C6XDMii, C6XDMij, C6XDMf, C8XDMii, C8XDMij, C8XDMf, C10XDMii, C10XDMij, C10XDMf, EXDMC6, EXDMC8, EXDMC10, EXDMBJC6, EXDMBJC8, EXDMBJC10, EXDM, EXDMBJ}
Oscillator 1 XDM Results: {4.128975666, 4.002178816, 28.27467924, 26.69572323, 275.8176359, 249.2957916, 16.78497441, {{16.78497441, 16.78497441}, {16.78497441, 16.78497441}}, 14.23771112, 344.823854, {{344.823854, 344.823854}, {344.823854, 344.823854}}, 284.9093053, 7790.810083, {{7790.810083, 7790.810083}, {7790.810083, 7790.810083}}, 6208.070889, -0.03483145085, -0.09127079008, -0.2630272554, -0.0002951879025, -0.0001592225112, -0.0000939472979, -0.3891294963, -0.0005483577116}
Oscillator 2 XDM Results: {4.128975666, 4.002178816, 28.27467924, 26.69572323, 275.8176359, 249.2957916, 16.78497441, {{16.78497441, 16.78497441}, {16.78497441, 16.78497441}}, 14.23771112, 344.823854, {{344.823854, 344.823854}, {344.823854, 344.823854}}, 284.9093053, 7790.810083, {{7790.810083, 7790.810083}, {7790.810083, 7790.810083}}, 6208.070889, -0.03483145085, -0.09127079008, -0.2630272554, -0.0002951879025, -0.0001592225112, -0.0000939472979, -0.3891294963, -0.0005483577116}


    TS RESULTS: {C6TSii, C6TSij, C6TSf, ETS, ETSWY}
Oscillator 1 TS Results: {18.59128981, {{18.59128981, 18.59128981}, {18.59128981, 18.59128981}}, 14.23771112, -0.03857983823, -0.00008936468621}
Oscillator 2 TS Results: {18.59128981, {{18.59128981, 18.59128981}, {18.59128981, 18.59128981}}, 14.23771112, -0.03857983823, -0.00008936468621}


    MBD RESULTS: {MBD_alpha, MBD_C6, MBD_omega, MBD_Energy, MBDF1_alpha, MBDF1_C6, MBDF1_omega, MBDF1_Energy, MBDF2_alpha, MBDF2_C6, MBDF2_omega, MBDF2_Energy, MBDX1_alpha, MBDX1_C6, MBDX1_omega, MBDX1_Energy, MBDX2_alpha, MBDX2_C6, MBDX2_omega, MBDX2_Energy}
Oscillator 1 MBD Results: {8.091464234, 18.9936636, 0.3868060346, -0.01349144729, 7.174425634, 14.73740495, 0.3817556533, -0.01204993761, 7.174425634, 19.24377902, 0.4984881298, -0.01573454332, 7.730508886, 17.24533175, 0.3847637267, -0.01293140228, 8.091464234, 17.14825387, 0.3492242581, -0.01218062866}
Oscillator 2 MBD Results: {8.091464234, 18.9936636, 0.3868060346, -0.01349144729, 7.174425634, 14.73740495, 0.3817556533, -0.01204993761, 7.174425634, 19.24377902, 0.4984881298, -0.01573454332, 7.730508886, 17.24533175, 0.3847637267, -0.01293140228, 8.091464234, 17.14825387, 0.3492242581, -0.01218062866}


    MBDRSSCS RESULTS: {MBDrsSCS_alpha, MBDrsSCS_C6, MBDrsSCS_omega, MBDrsSCS_Energy, MBDF1rsSCS_alpha, MBDF1rsSCS_C6, MBDF1rsSCS_omega, MBDF1rsSCS_Energy, MBDF2rsSCS_alpha, MBDF2rsSCS_C6, MBDF2rsSCS_omega, MBDF2rsSCS_Energy, MBDX1rsSCS_alpha, MBDX1rsSCS_C6, MBDX1rsSCS_omega, MBDX1rsSCS_Energy, MBDX2rsSCS_alpha, MBDX2rsSCS_C6, MBDX2rsSCS_omega, MBDX2rsSCS_Energy}
Oscillator 1 MBDrsSCS Results: {8.000985728, 18.57655164, 0.386916138, -0.0007517678078, 7.084727236, 14.40931649, 0.3827681984, -0.000582818423, 7.084727236, 18.81536833, 0.499810289, -0.0007610314692, 7.639420195, 16.86253253, 0.3852483083, -0.0006822566864, 8.000985728, 16.77166818, 0.349323664, -0.0006787266264}
Oscillator 2 MBDrsSCS Results: {8.000985728, 18.57655164, 0.386916138, -0.0007517678078, 7.084727236, 14.40931649, 0.3827681984, -0.000582818423, 7.084727236, 18.81536833, 0.499810289, -0.0007610314692, 7.639420195, 16.86253253, 0.3852483083, -0.0006822566864, 8.000985728, 16.77166818, 0.349323664, -0.0006787266264}


         {R, Energy}
SUMMARY: {2.800001, 1.084947231}