Oscillators N=2 2022-12-24  w=0.375000 a=7.11498.nb ( N = 2, M = 4 )
~~~~~~~~~~~~~~~~~~~~~~~~~~~~~~~~~~~~~~
Run Commenced: Tue 27 Dec 2022 04:05:42
Run Completed: Tue 27 Dec 2022 04:27:14
Time Elapsed: 00:21:31

Oscillators Used: 2
Wavefunctions Used: 4
Internuclear Separation: 7.
omega: 0.375
nu : 0.187398

For display purposes, the threshold of Hamiltonian matrix elements has been set to: 10^-6.


    Hamiltonian Matrix A:    < psi_{i,A} | H_k | psi_{j,A} >
    H_1 = T_kin,    H_2 = V_pot,    H_3 = V_1-B,    H_4 = V_A-B

HijkA: {{{0.28125, 0.28125, -0.1428571235, 0.1428571224}, {0., 0., -0.02357172587, 0.}, {0.2296396634, -0.2296396634, -0.000000002981656228, 0.}, {0., 0., -0.006736607551, 0.}}, {{0., 0., -0.02357172587, 0.}, {0.46875, 0.46875, -0.150635887, 0.1428571224}, {0., 0., 0.01924621721, 0.}, {0., 0., -0.030552926, 0.}}, {{0.2296396634, -0.2296396634, -0.000000002981656228, 0.}, {0., 0., 0.01924621721, 0.}, {0.65625, 0.65625, -0.1428570852, 0.1428571224}, {0., 0., 0.01100077072, 0.}}, {{0., 0., -0.006736607551, 0.}, {0., 0., -0.030552926, 0.}, {0., 0., 0.01100077072, 0.}, {0.65625, 0.65625, -0.1525418389, 0.1428571224}}}
0.28125       0.            0.22964       0.
0.28125       0.            -0.22964      0.
-0.142857     -0.0235717    0.            -0.00673661
0.142857      0.            0.            0.

0.            0.46875       0.            0.
0.            0.46875       0.            0.
-0.0235717    -0.150636     0.0192462     -0.0305529
0.            0.142857      0.            0.

0.22964       0.            0.65625       0.
-0.22964      0.            0.65625       0.
0.            0.0192462     -0.142857     0.0110008
0.            0.            0.142857      0.

0.            0.            0.            0.65625
0.            0.            0.            0.65625
-0.00673661   -0.0305529    0.0110008     -0.152542
0.            0.            0.            0.142857


    Hamiltonian Matrix B:    < psi_{i,B} | H_k | psi_{j,B} >
    H_1 = T_kin,    H_2 = V_pot,    H_3 = V_2-A,    H_4 = V_B-A 

HijkB: {{{0.28125, 0.28125, -0.1428571235, 0.1428571224}, {0., 0., -0.02357172587, 0.}, {0.2296396634, -0.2296396634, -0.000000002981656242, 0.}, {0., 0., -0.006736607551, 0.}}, {{0., 0., -0.02357172587, 0.}, {0.46875, 0.46875, -0.150635887, 0.1428571224}, {0., 0., 0.01924621721, 0.}, {0., 0., -0.030552926, 0.}}, {{0.2296396634, -0.2296396634, -0.000000002981656242, 0.}, {0., 0., 0.01924621721, 0.}, {0.65625, 0.65625, -0.1428570852, 0.1428571224}, {0., 0., 0.01100077072, 0.}}, {{0., 0., -0.006736607551, 0.}, {0., 0., -0.030552926, 0.}, {0., 0., 0.01100077072, 0.}, {0.65625, 0.65625, -0.1525418389, 0.1428571224}}}
0.28125       0.            0.22964       0.
0.28125       0.            -0.22964      0.
-0.142857     -0.0235717    0.            -0.00673661
0.142857      0.            0.            0.

0.            0.46875       0.            0.
0.            0.46875       0.            0.
-0.0235717    -0.150636     0.0192462     -0.0305529
0.            0.142857      0.            0.

0.22964       0.            0.65625       0.
-0.22964      0.            0.65625       0.
0.            0.0192462     -0.142857     0.0110008
0.            0.            0.142857      0.

0.            0.            0.            0.65625
0.            0.            0.            0.65625
-0.00673661   -0.0305529    0.0110008     -0.152542
0.            0.            0.            0.142857


    Hamiltonian Matrix AB:    < psi_{i1,A} <psi_{i2,B} | V_e-e | psi_{i3,A} <psi_{i4,B} >

HijkAB: {{{{0.1428550924, 0.02356407508, 0.00000870991264, 0.006721809886}, {0.02356407508, 0.007751717705, 0.0000270230166, 0.003285576861}, {0.00000851949424, 0.0000270230166, -0.00003005414825, 0.00005358858764}, {0.006721809886, 0.003285576861, 0.00005358858764, 0.001815016638}}, {{0.02356407508, 0.1506089148, -0.0192126561, 0.03049497253}, {0.007751717705, 0.02733687725, -0.006244158852, 0.01100561836}, {0.0000270230166, 0.0001011392883, -0.0001085806544, 0.0001750571539}, {0.003285576861, 0.008765774678, -0.002538406241, 0.005104996444}}, {{0.000009769251488, -0.0192126561, 0.1428171052, -0.01092157521}, {0.0000270230166, -0.006244158852, 0.02343465042, -0.005222312869}, {-0.00003005414825, -0.0001085806544, 0.0001289146878, -0.0002096836705}, {0.00005358858764, -0.002538406241, 0.006515089816, -0.002741089889}}, {{0.006721809886, 0.03049497253, -0.01092157521, 0.1524262993}, {0.003285576861, 0.01100561836, -0.005222312869, 0.02863264519}, {0.00005358858764, 0.0001750571539, -0.0002096836705, 0.0003482046013}, {0.001815016638, 0.005104996444, -0.002741089889, 0.009655743792}}}, {{{0.02356407508, 0.007751717705, 0.0000270230166, 0.003285576861}, {0.1506089148, 0.02733687725, 0.0001011392883, 0.008773071119}, {-0.0192126561, -0.006245409685, -0.0001085806544, -0.002538406241}, {0.03049497253, 0.01100561836, 0.0001750571539, 0.005104996444}}, {{0.007751717705, 0.02733687725, -0.006244158852, 0.01100561836}, {0.02733687725, 0.1606853818, -0.02205843734, 0.03623795701}, {-0.006245409685, -0.02205843734, 0.004829972472, -0.008527799145}, {0.01100561836, 0.03623795701, -0.008527799145, 0.01596866404}}, {{0.0000270230166, -0.006244158852, 0.02343465042, -0.005222312869}, {0.0001011392883, -0.02205843734, 0.1502253351, -0.01393128621}, {-0.0001085806544, 0.004829972472, -0.01881728456, 0.003779526263}, {0.0001750571539, -0.008527799145, 0.02984686689, -0.007655845591}}, {{0.003285576861, 0.01100561836, -0.005222312869, 0.02863264519}, {0.008773673485, 0.03623795701, -0.01393128621, 0.1633146667}, {-0.002538406241, -0.008527799145, 0.003779526263, -0.02253208723}, {0.005104996444, 0.01596866404, -0.007655845591, 0.03814796635}}}, {{{0.000008525812405, 0.0000270230166, -0.00003005414825, 0.00005358858764}, {-0.0192126561, -0.006245409685, -0.0001085806544, -0.002538406241}, {0.1428172516, 0.02343465042, 0.0001287565404, 0.006515089816}, {-0.01092157521, -0.005222312869, -0.0002096836705, -0.002741090072}}, {{0.0000270230166, 0.0001011392883, -0.0001085806544, 0.0001750571539}, {-0.006245409685, -0.02205843734, 0.004829972472, -0.008527799145}, {0.02343465042, 0.1502253351, -0.01881728456, 0.02984686689}, {-0.005222312869, -0.01393128621, 0.003779526263, -0.007655845591}}, {{-0.00003005414825, -0.0001085806544, 0.0001289146878, -0.0002096836705}, {-0.0001085806544, 0.004829972472, -0.01881728456, 0.003779526263}, {0.0001287565404, -0.01881728456, 0.1423815787, -0.01022810628}, {-0.0002096836705, 0.003779526263, -0.01022810628, 0.003801653865}}, {{0.00005358858764, 0.0001750571539, -0.0002096836705, 0.0003482046013}, {-0.002538406241, -0.008527799145, 0.003779526263, -0.02253208723}, {0.006515089816, 0.02984686689, -0.01022810628, 0.1512641153}, {-0.002741090072, -0.007655845591, 0.003801653865, -0.01456883593}}}, {{{0.006721809886, 0.003285576861, 0.00005358858764, 0.001815016638}, {0.03049497253, 0.01100561836, 0.0001750571539, 0.005104996444}, {-0.01092157521, -0.005222312869, -0.0002096836705, -0.002741090072}, {0.1524262993, 0.02863264519, 0.0003482046013, 0.009655743792}}, {{0.003285576861, 0.008765718613, -0.002538406241, 0.005104996444}, {0.01100561836, 0.03623795701, -0.008527799145, 0.01596866404}, {-0.005222312869, -0.01393128621, 0.003779526263, -0.007655845591}, {0.02863264519, 0.1633146667, -0.02253208723, 0.03814796635}}, {{0.00005358858764, -0.002538406241, 0.006515089816, -0.002741089889}, {0.0001750571539, -0.008527799145, 0.02984686689, -0.007655845591}, {-0.0002096836705, 0.003779526263, -0.01022810628, 0.003801653865}, {0.0003482046013, -0.02253208723, 0.1512641153, -0.01456883593}}, {{0.001815016638, 0.005104996444, -0.002741089889, 0.009655743792}, {0.005104996444, 0.01596866404, -0.007655845591, 0.03814796635}, {-0.002741090072, -0.007655845591, 0.003801653865, -0.01456883593}, {0.009655743792, 0.03814796635, -0.01456883593, 0.1657604976}}}}
0.142855      0.0235641     0.            0.00672181      0.0235641     0.150609      -0.0192127    0.030495        0.            -0.0192127    0.142817      -0.0109216      0.00672181    0.030495      -0.0109216    0.152426
0.0235641     0.00775172    0.000027023   0.00328558      0.00775172    0.0273369     -0.00624416   0.0110056       0.000027023   -0.00624416   0.0234347     -0.00522231     0.00328558    0.0110056     -0.00522231   0.0286326
0.            0.000027023   -0.0000300541 0.0000535886    0.000027023   0.000101139   -0.000108581  0.000175057     -0.0000300541 -0.000108581  0.000128915   -0.000209684    0.0000535886  0.000175057   -0.000209684  0.000348205
0.00672181    0.00328558    0.0000535886  0.00181502      0.00328558    0.00876577    -0.00253841   0.005105        0.0000535886  -0.00253841   0.00651509    -0.00274109     0.00181502    0.005105      -0.00274109   0.00965574

0.0235641     0.00775172    0.000027023   0.00328558      0.00775172    0.0273369     -0.00624416   0.0110056       0.000027023   -0.00624416   0.0234347     -0.00522231     0.00328558    0.0110056     -0.00522231   0.0286326
0.150609      0.0273369     0.000101139   0.00877307      0.0273369     0.160685      -0.0220584    0.036238        0.000101139   -0.0220584    0.150225      -0.0139313      0.00877367    0.036238      -0.0139313    0.163315
-0.0192127    -0.00624541   -0.000108581  -0.00253841     -0.00624541   -0.0220584    0.00482997    -0.0085278      -0.000108581  0.00482997    -0.0188173    0.00377953      -0.00253841   -0.0085278    0.00377953    -0.0225321
0.030495      0.0110056     0.000175057   0.005105        0.0110056     0.036238      -0.0085278    0.0159687       0.000175057   -0.0085278    0.0298469     -0.00765585     0.005105      0.0159687     -0.00765585   0.038148

0.            0.000027023   -0.0000300541 0.0000535886    0.000027023   0.000101139   -0.000108581  0.000175057     -0.0000300541 -0.000108581  0.000128915   -0.000209684    0.0000535886  0.000175057   -0.000209684  0.000348205
-0.0192127    -0.00624541   -0.000108581  -0.00253841     -0.00624541   -0.0220584    0.00482997    -0.0085278      -0.000108581  0.00482997    -0.0188173    0.00377953      -0.00253841   -0.0085278    0.00377953    -0.0225321
0.142817      0.0234347     0.000128757   0.00651509      0.0234347     0.150225      -0.0188173    0.0298469       0.000128757   -0.0188173    0.142382      -0.0102281      0.00651509    0.0298469     -0.0102281    0.151264
-0.0109216    -0.00522231   -0.000209684  -0.00274109     -0.00522231   -0.0139313    0.00377953    -0.00765585     -0.000209684  0.00377953    -0.0102281    0.00380165      -0.00274109   -0.00765585   0.00380165    -0.0145688

0.00672181    0.00328558    0.0000535886  0.00181502      0.00328558    0.00876572    -0.00253841   0.005105        0.0000535886  -0.00253841   0.00651509    -0.00274109     0.00181502    0.005105      -0.00274109   0.00965574
0.030495      0.0110056     0.000175057   0.005105        0.0110056     0.036238      -0.0085278    0.0159687       0.000175057   -0.0085278    0.0298469     -0.00765585     0.005105      0.0159687     -0.00765585   0.038148
-0.0109216    -0.00522231   -0.000209684  -0.00274109     -0.00522231   -0.0139313    0.00377953    -0.00765585     -0.000209684  0.00377953    -0.0102281    0.00380165      -0.00274109   -0.00765585   0.00380165    -0.0145688
0.152426      0.0286326     0.000348205   0.00965574      0.0286326     0.163315      -0.0225321    0.038148        0.000348205   -0.0225321    0.151264      -0.0145688      0.00965574    0.038148      -0.0145688    0.16576


    Hamiltonian Matrix BA:    < psi_{i1,B} <psi_{i2,A} | V_e-e | psi_{i3,B} <psi_{i4,A} >

HijkBA: {{{{0.1428550924, 0.02356407508, 0.00000870991264, 0.006721809886}, {0.02356407508, 0.007751717705, 0.0000270230166, 0.003285576861}, {0.00000851949424, 0.0000270230166, -0.00003005414825, 0.00005358858764}, {0.006721809886, 0.003285576861, 0.00005358858764, 0.001815016638}}, {{0.02356407508, 0.1506089148, -0.0192126561, 0.03049497253}, {0.007751717705, 0.02733687725, -0.006244158852, 0.01100561836}, {0.0000270230166, 0.0001011392883, -0.0001085806544, 0.0001750571539}, {0.003285576861, 0.008765774678, -0.002538406241, 0.005104996444}}, {{0.000009769251488, -0.0192126561, 0.1428171052, -0.01092157521}, {0.0000270230166, -0.006244158852, 0.02343465042, -0.005222312869}, {-0.00003005414825, -0.0001085806544, 0.0001289146878, -0.0002096836705}, {0.00005358858764, -0.002538406241, 0.006515089816, -0.002741089889}}, {{0.006721809886, 0.03049497253, -0.01092157521, 0.1524262993}, {0.003285576861, 0.01100561836, -0.005222312869, 0.02863264519}, {0.00005358858764, 0.0001750571539, -0.0002096836705, 0.0003482046013}, {0.001815016638, 0.005104996444, -0.002741089889, 0.009655743792}}}, {{{0.02356407508, 0.007751717705, 0.0000270230166, 0.003285576861}, {0.1506089148, 0.02733687725, 0.0001011392883, 0.008773071119}, {-0.0192126561, -0.006245409685, -0.0001085806544, -0.002538406241}, {0.03049497253, 0.01100561836, 0.0001750571539, 0.005104996444}}, {{0.007751717705, 0.02733687725, -0.006244158852, 0.01100561836}, {0.02733687725, 0.1606853818, -0.02205843734, 0.03623795701}, {-0.006245409685, -0.02205843734, 0.004829972472, -0.008527799145}, {0.01100561836, 0.03623795701, -0.008527799145, 0.01596866404}}, {{0.0000270230166, -0.006244158852, 0.02343465042, -0.005222312869}, {0.0001011392883, -0.02205843734, 0.1502253351, -0.01393128621}, {-0.0001085806544, 0.004829972472, -0.01881728456, 0.003779526263}, {0.0001750571539, -0.008527799145, 0.02984686689, -0.007655845591}}, {{0.003285576861, 0.01100561836, -0.005222312869, 0.02863264519}, {0.008773673485, 0.03623795701, -0.01393128621, 0.1633146667}, {-0.002538406241, -0.008527799145, 0.003779526263, -0.02253208723}, {0.005104996444, 0.01596866404, -0.007655845591, 0.03814796635}}}, {{{0.000008525812405, 0.0000270230166, -0.00003005414825, 0.00005358858764}, {-0.0192126561, -0.006245409685, -0.0001085806544, -0.002538406241}, {0.1428172516, 0.02343465042, 0.0001287565404, 0.006515089816}, {-0.01092157521, -0.005222312869, -0.0002096836705, -0.002741090072}}, {{0.0000270230166, 0.0001011392883, -0.0001085806544, 0.0001750571539}, {-0.006245409685, -0.02205843734, 0.004829972472, -0.008527799145}, {0.02343465042, 0.1502253351, -0.01881728456, 0.02984686689}, {-0.005222312869, -0.01393128621, 0.003779526263, -0.007655845591}}, {{-0.00003005414825, -0.0001085806544, 0.0001289146878, -0.0002096836705}, {-0.0001085806544, 0.004829972472, -0.01881728456, 0.003779526263}, {0.0001287565404, -0.01881728456, 0.1423815787, -0.01022810628}, {-0.0002096836705, 0.003779526263, -0.01022810628, 0.003801653865}}, {{0.00005358858764, 0.0001750571539, -0.0002096836705, 0.0003482046013}, {-0.002538406241, -0.008527799145, 0.003779526263, -0.02253208723}, {0.006515089816, 0.02984686689, -0.01022810628, 0.1512641153}, {-0.002741090072, -0.007655845591, 0.003801653865, -0.01456883593}}}, {{{0.006721809886, 0.003285576861, 0.00005358858764, 0.001815016638}, {0.03049497253, 0.01100561836, 0.0001750571539, 0.005104996444}, {-0.01092157521, -0.005222312869, -0.0002096836705, -0.002741090072}, {0.1524262993, 0.02863264519, 0.0003482046013, 0.009655743792}}, {{0.003285576861, 0.008765718613, -0.002538406241, 0.005104996444}, {0.01100561836, 0.03623795701, -0.008527799145, 0.01596866404}, {-0.005222312869, -0.01393128621, 0.003779526263, -0.007655845591}, {0.02863264519, 0.1633146667, -0.02253208723, 0.03814796635}}, {{0.00005358858764, -0.002538406241, 0.006515089816, -0.002741089889}, {0.0001750571539, -0.008527799145, 0.02984686689, -0.007655845591}, {-0.0002096836705, 0.003779526263, -0.01022810628, 0.003801653865}, {0.0003482046013, -0.02253208723, 0.1512641153, -0.01456883593}}, {{0.001815016638, 0.005104996444, -0.002741089889, 0.009655743792}, {0.005104996444, 0.01596866404, -0.007655845591, 0.03814796635}, {-0.002741090072, -0.007655845591, 0.003801653865, -0.01456883593}, {0.009655743792, 0.03814796635, -0.01456883593, 0.1657604976}}}}
0.142855      0.0235641     0.            0.00672181      0.0235641     0.150609      -0.0192127    0.030495        0.            -0.0192127    0.142817      -0.0109216      0.00672181    0.030495      -0.0109216    0.152426
0.0235641     0.00775172    0.000027023   0.00328558      0.00775172    0.0273369     -0.00624416   0.0110056       0.000027023   -0.00624416   0.0234347     -0.00522231     0.00328558    0.0110056     -0.00522231   0.0286326
0.            0.000027023   -0.0000300541 0.0000535886    0.000027023   0.000101139   -0.000108581  0.000175057     -0.0000300541 -0.000108581  0.000128915   -0.000209684    0.0000535886  0.000175057   -0.000209684  0.000348205
0.00672181    0.00328558    0.0000535886  0.00181502      0.00328558    0.00876577    -0.00253841   0.005105        0.0000535886  -0.00253841   0.00651509    -0.00274109     0.00181502    0.005105      -0.00274109   0.00965574

0.0235641     0.00775172    0.000027023   0.00328558      0.00775172    0.0273369     -0.00624416   0.0110056       0.000027023   -0.00624416   0.0234347     -0.00522231     0.00328558    0.0110056     -0.00522231   0.0286326
0.150609      0.0273369     0.000101139   0.00877307      0.0273369     0.160685      -0.0220584    0.036238        0.000101139   -0.0220584    0.150225      -0.0139313      0.00877367    0.036238      -0.0139313    0.163315
-0.0192127    -0.00624541   -0.000108581  -0.00253841     -0.00624541   -0.0220584    0.00482997    -0.0085278      -0.000108581  0.00482997    -0.0188173    0.00377953      -0.00253841   -0.0085278    0.00377953    -0.0225321
0.030495      0.0110056     0.000175057   0.005105        0.0110056     0.036238      -0.0085278    0.0159687       0.000175057   -0.0085278    0.0298469     -0.00765585     0.005105      0.0159687     -0.00765585   0.038148

0.            0.000027023   -0.0000300541 0.0000535886    0.000027023   0.000101139   -0.000108581  0.000175057     -0.0000300541 -0.000108581  0.000128915   -0.000209684    0.0000535886  0.000175057   -0.000209684  0.000348205
-0.0192127    -0.00624541   -0.000108581  -0.00253841     -0.00624541   -0.0220584    0.00482997    -0.0085278      -0.000108581  0.00482997    -0.0188173    0.00377953      -0.00253841   -0.0085278    0.00377953    -0.0225321
0.142817      0.0234347     0.000128757   0.00651509      0.0234347     0.150225      -0.0188173    0.0298469       0.000128757   -0.0188173    0.142382      -0.0102281      0.00651509    0.0298469     -0.0102281    0.151264
-0.0109216    -0.00522231   -0.000209684  -0.00274109     -0.00522231   -0.0139313    0.00377953    -0.00765585     -0.000209684  0.00377953    -0.0102281    0.00380165      -0.00274109   -0.00765585   0.00380165    -0.0145688

0.00672181    0.00328558    0.0000535886  0.00181502      0.00328558    0.00876572    -0.00253841   0.005105        0.0000535886  -0.00253841   0.00651509    -0.00274109     0.00181502    0.005105      -0.00274109   0.00965574
0.030495      0.0110056     0.000175057   0.005105        0.0110056     0.036238      -0.0085278    0.0159687       0.000175057   -0.0085278    0.0298469     -0.00765585     0.005105      0.0159687     -0.00765585   0.038148
-0.0109216    -0.00522231   -0.000209684  -0.00274109     -0.00522231   -0.0139313    0.00377953    -0.00765585     -0.000209684  0.00377953    -0.0102281    0.00380165      -0.00274109   -0.00765585   0.00380165    -0.0145688
0.152426      0.0286326     0.000348205   0.00965574      0.0286326     0.163315      -0.0225321    0.038148        0.000348205   -0.0225321    0.151264      -0.0145688      0.00965574    0.038148      -0.0145688    0.16576


Energy:  {1.124997967}


Coefficients: {{0.9999999996, 0.00001927108845, -0.00001185011313, 0.0000194744603}, {0.9999999996, 0.00001927108845, -0.00001185011313, 0.0000194744603}}


r2: {4.0022561, 4.0022561}
r2f: {4.002178649}


r3: {9.835704652, 9.835704652}
r3f: {9.835419146}


alpha: {7.115186536, 7.115186536}
alphaf: {7.11498}




~~~XDM (a1=0.65, a2=3.17474)~~~

M1^2: {4.00217868, 4.00217868}
M1f^2: {4.002178816}

M2^2: {26.69572477, 26.69572477}
M2f^2: {26.69572323}

M3^2: {249.2958011, 249.2958011}
M3f^2: {249.2957916}

C6XDM: {{14.23812393, 14.23812393}, {14.23812393, 14.23812393}}
C6XDMf: {14.23771112}

C8XDM: {{284.9175921, 284.9175921}, {284.9175921, 284.9175921}}
C8XDMf: {284.9093053}

C10XDM: {{6208.25163, 6208.25163}, {6208.25163, 6208.25163}}
C10XDMf: {6208.070889}

EXDMC6: {-0.0001210219528}
EXDMC8: {-0.00004942360829}
EXDMC10: {-0.00002197800616}

EXDMBJC6: {-0.00008301375164}
EXDMBJC8: {-0.00003653194046}
EXDMBJC10: {-0.00001727850619}

EXDM: {-0.0001924235672}
EXDMBJ: {-0.0001368241983}




~~~TS (dTS=20, sR=0.62)~~~

C6TS: {{14.23853772, 14.23853772}, {14.23853772, 14.23853772}}
C6TSf: {14.23771112}

ETS: {-0.00012102547}
ETSWY: {-0.000121025461}




~~~MBD~~~

 alpha: {7.121444394, 7.121444394}
  C6ii: {14.25415368, 14.25415368}
 omega: {0.3747520337, 0.3747520337}
lambda: {0.1462706908, 0.1433549124, 0.1433549124, 0.1375232611, 0.1375232611, 0.1346074826}
Energy: {-0.0001212057721}

~~~MBD@rsSCS (drsSCS=6, sR=0.62)~~~

 alpha: {7.115186848, 7.115186848}
  C6ii: {14.23853851, 14.23853851}
 omega: {0.3750002283, 0.3750002283}
lambda: {0.1464173969, 0.1435212841, 0.1435212841, 0.1377290584, 0.1377290584, 0.1348329455}
Energy: {-0.0001193357096}




~~~MBDFree1~~~

 alpha: {7.12123731, 7.12123731}
  C6ii: {14.25332525, 14.25332525}
 omega: {0.3747520482, 0.3747520482}
lambda: {0.1462705326, 0.1433548387, 0.1433548387, 0.1375233566, 0.1375233566, 0.1346076627}
Energy: {-0.0001211987254}

~~~MBDFree1@rsSCS (drsSCS=6, sR=0.62)~~~

 alpha: {7.114980312, 7.114980312}
  C6ii: {14.2377119, 14.2377119}
 omega: {0.3750002283, 0.3750002283}
lambda: {0.1464172288, 0.1435212, 0.1435212, 0.1377291424, 0.1377291424, 0.1348331137}
Energy: {-0.0001193287789}




~~~MBDFree2~~~

 alpha: {7.12123731, 7.12123731}
  C6ii: {14.25415277, 14.25415277}
 omega: {0.3747738054, 0.3747738054}
lambda: {0.1462875173, 0.1433714848, 0.1433714848, 0.1375393255, 0.1375393255, 0.1346232931}
Energy: {-0.0001212057619}

~~~MBDFree2@rsSCS (drsSCS=6, sR=0.62)~~~

 alpha: {7.114980312, 7.114980312}
  C6ii: {14.23853851, 14.23853851}
 omega: {0.3750219998, 0.3750219998}
lambda: {0.1464342305, 0.1435378654, 0.1435378654, 0.1377451353, 0.1377451353, 0.1348487702}
Energy: {-0.0001193357068}




~~~MBD@XDM1~~~

 alpha: {7.12134073, 7.12134073}
  C6ii: {14.25373898, 14.25373898}
 omega: {0.374752041, 0.374752041}
lambda: {0.1462706116, 0.1433548755, 0.1433548755, 0.1375233089, 0.1375233089, 0.1346075728}
Energy: {-0.0001212022446}

~~~MBD@XDM1@rsSCS (drsSCS=6, sR=0.62)~~~

 alpha: {7.115083458, 7.115083458}
  C6ii: {14.23812472, 14.23812472}
 omega: {0.3750002283, 0.3750002283}
lambda: {0.1464173127, 0.143521242, 0.143521242, 0.1377291005, 0.1377291005, 0.1348330297}
Energy: {-0.0001193322401}




~~~MBD@XDM2~~~

 alpha: {7.121444394, 7.121444394}
  C6ii: {14.25373943, 14.25373943}
 omega: {0.3747411428, 0.3747411428}
lambda: {0.1462621893, 0.1433465803, 0.1433465803, 0.1375152679, 0.1375152679, 0.134599659}
Energy: {-0.0001212022497}

~~~MBD@XDM2@rsSCS (drsSCS=6, sR=0.62)~~~

 alpha: {7.115186848, 7.115186848}
  C6ii: {14.23812472, 14.23812472}
 omega: {0.3749893302, 0.3749893302}
lambda: {0.1464088868, 0.1435129423, 0.1435129423, 0.1377210533, 0.1377210533, 0.1348251087}
Energy: {-0.0001193322415}




    ENERGY MATRIX: {Non-Interacting, Electron-Nuclear, Electron-Electron, Nuclear-Nuclear, Total Energy}
Oscillator 1 Energy: {0.5625000005, -0.1428582944, 0.07142871605, 0.07142856122, 0.5624989834}
Oscillator 2 Energy: {0.5625000005, -0.1428582944, 0.07142871605, 0.07142856122, 0.5624989834}
Energy Totals: {1.125000001, -0.2857165889, 0.1428574321, 0.1428571224, 1.124997967}


    COEFFICIENT MATRIX: {c1, c2, c5, c6, c11, c14}
Oscillator 1 Cs: {0.9999999996, 0.00001927108845, -0.00001185011313, 0.0000194744603}
Oscillator 2 Cs: {0.9999999996, 0.00001927108845, -0.00001185011313, 0.0000194744603}


    GENERAL RESULTS: {R, E, r2, r2f, r3, r3f, alpha, alphaf}
Oscillator 1 General Results: {7.000001, 1.124997967, 4.0022561, 4.002178649, 9.835704652, 9.835419146, 7.115186536, 7.11498}
Oscillator 2 General Results: {7.000001, 1.124997967, 4.0022561, 4.002178649, 9.835704652, 9.835419146, 7.115186536, 7.11498}


    XDM RESULTS: {M1^2, M1f^2, M2^2, M2f^2, M3^2, M3f^2, C6XDMii, C6XDMij, C6XDMf, C8XDMii, C8XDMij, C8XDMf, C10XDMii, C10XDMij, C10XDMf, EXDMC6, EXDMC8, EXDMC10, EXDMBJC6, EXDMBJC8, EXDMBJC10, EXDM, EXDMBJ}
Oscillator 1 XDM Results: {4.00217868, 4.002178816, 26.69572477, 26.69572323, 249.2958011, 249.2957916, 14.23812393, {{14.23812393, 14.23812393}, {14.23812393, 14.23812393}}, 14.23771112, 284.9175921, {{284.9175921, 284.9175921}, {284.9175921, 284.9175921}}, 284.9093053, 6208.25163, {{6208.25163, 6208.25163}, {6208.25163, 6208.25163}}, 6208.070889, -0.0001210219528, -0.00004942360829, -0.00002197800616, -0.00008301375164, -0.00003653194046, -0.00001727850619, -0.0001924235672, -0.0001368241983}
Oscillator 2 XDM Results: {4.00217868, 4.002178816, 26.69572477, 26.69572323, 249.2958011, 249.2957916, 14.23812393, {{14.23812393, 14.23812393}, {14.23812393, 14.23812393}}, 14.23771112, 284.9175921, {{284.9175921, 284.9175921}, {284.9175921, 284.9175921}}, 284.9093053, 6208.25163, {{6208.25163, 6208.25163}, {6208.25163, 6208.25163}}, 6208.070889, -0.0001210219528, -0.00004942360829, -0.00002197800616, -0.00008301375164, -0.00003653194046, -0.00001727850619, -0.0001924235672, -0.0001368241983}


    TS RESULTS: {C6TSii, C6TSij, C6TSf, ETS, ETSWY}
Oscillator 1 TS Results: {14.23853772, {{14.23853772, 14.23853772}, {14.23853772, 14.23853772}}, 14.23771112, -0.00012102547, -0.000121025461}
Oscillator 2 TS Results: {14.23853772, {{14.23853772, 14.23853772}, {14.23853772, 14.23853772}}, 14.23771112, -0.00012102547, -0.000121025461}


    MBD RESULTS: {MBD_alpha, MBD_C6, MBD_omega, MBD_Energy, MBDF1_alpha, MBDF1_C6, MBDF1_omega, MBDF1_Energy, MBDF2_alpha, MBDF2_C6, MBDF2_omega, MBDF2_Energy, MBDX1_alpha, MBDX1_C6, MBDX1_omega, MBDX1_Energy, MBDX2_alpha, MBDX2_C6, MBDX2_omega, MBDX2_Energy}
Oscillator 1 MBD Results: {7.121444394, 14.25415368, 0.3747520337, -0.0001212057721, 7.12123731, 14.25332525, 0.3747520482, -0.0001211987254, 7.12123731, 14.25415277, 0.3747738054, -0.0001212057619, 7.12134073, 14.25373898, 0.374752041, -0.0001212022446, 7.121444394, 14.25373943, 0.3747411428, -0.0001212022497}
Oscillator 2 MBD Results: {7.121444394, 14.25415368, 0.3747520337, -0.0001212057721, 7.12123731, 14.25332525, 0.3747520482, -0.0001211987254, 7.12123731, 14.25415277, 0.3747738054, -0.0001212057619, 7.12134073, 14.25373898, 0.374752041, -0.0001212022446, 7.121444394, 14.25373943, 0.3747411428, -0.0001212022497}


    MBDRSSCS RESULTS: {MBDrsSCS_alpha, MBDrsSCS_C6, MBDrsSCS_omega, MBDrsSCS_Energy, MBDF1rsSCS_alpha, MBDF1rsSCS_C6, MBDF1rsSCS_omega, MBDF1rsSCS_Energy, MBDF2rsSCS_alpha, MBDF2rsSCS_C6, MBDF2rsSCS_omega, MBDF2rsSCS_Energy, MBDX1rsSCS_alpha, MBDX1rsSCS_C6, MBDX1rsSCS_omega, MBDX1rsSCS_Energy, MBDX2rsSCS_alpha, MBDX2rsSCS_C6, MBDX2rsSCS_omega, MBDX2rsSCS_Energy}
Oscillator 1 MBDrsSCS Results: {7.115186848, 14.23853851, 0.3750002283, -0.0001193357096, 7.114980312, 14.2377119, 0.3750002283, -0.0001193287789, 7.114980312, 14.23853851, 0.3750219998, -0.0001193357068, 7.115083458, 14.23812472, 0.3750002283, -0.0001193322401, 7.115186848, 14.23812472, 0.3749893302, -0.0001193322415}
Oscillator 2 MBDrsSCS Results: {7.115186848, 14.23853851, 0.3750002283, -0.0001193357096, 7.114980312, 14.2377119, 0.3750002283, -0.0001193287789, 7.114980312, 14.23853851, 0.3750219998, -0.0001193357068, 7.115083458, 14.23812472, 0.3750002283, -0.0001193322401, 7.115186848, 14.23812472, 0.3749893302, -0.0001193322415}


         {R, Energy}
SUMMARY: {7.000001, 1.124997967}