Oscillators N=2 2022-12-24  w=0.375000 a=7.11498.nb ( N = 2, M = 4 )
~~~~~~~~~~~~~~~~~~~~~~~~~~~~~~~~~~~~~~
Run Commenced: Tue 27 Dec 2022 03:46:30
Run Completed: Tue 27 Dec 2022 04:05:42
Time Elapsed: 00:19:11

Oscillators Used: 2
Wavefunctions Used: 4
Internuclear Separation: 6.
omega: 0.375
nu : 0.187398

For display purposes, the threshold of Hamiltonian matrix elements has been set to: 10^-6.


    Hamiltonian Matrix A:    < psi_{i,A} | H_k | psi_{j,A} >
    H_1 = T_kin,    H_2 = V_pot,    H_3 = V_1-B,    H_4 = V_A-B

HijkA: {{{0.28125, 0.28125, -0.1666665985, 0.1666666389}, {0., 0., -0.03208354736, 0.}, {0.2296396634, -0.2296396634, -0.0000003894852121, 0.}, {0., 0., -0.01069687545, 0.}}, {{0., 0., -0.03208354736, 0.}, {0.46875, 0.46875, -0.1790179733, 0.1666666389}, {0., 0., 0.02619407821, 0.}, {0., 0., -0.04322154486, 0.}}, {{0.2296396634, -0.2296396634, -0.0000003894852121, 0.}, {0., 0., 0.02619407821, 0.}, {0.65625, 0.65625, -0.1666621467, 0.1666666389}, {0., 0., 0.0174618567, 0.}}, {{0., 0., -0.01069687545, 0.}, {0., 0., -0.04322154486, 0.}, {0., 0., 0.0174618567, 0.}, {0.65625, 0.65625, -0.183127591, 0.1666666389}}}
0.28125      0.           0.22964      0.
0.28125      0.           -0.22964     0.
-0.166667    -0.0320835   0.           -0.0106969
0.166667     0.           0.           0.

0.           0.46875      0.           0.
0.           0.46875      0.           0.
-0.0320835   -0.179018    0.0261941    -0.0432215
0.           0.166667     0.           0.

0.22964      0.           0.65625      0.
-0.22964     0.           0.65625      0.
0.           0.0261941    -0.166662    0.0174619
0.           0.           0.166667     0.

0.           0.           0.           0.65625
0.           0.           0.           0.65625
-0.0106969   -0.0432215   0.0174619    -0.183128
0.           0.           0.           0.166667


    Hamiltonian Matrix B:    < psi_{i,B} | H_k | psi_{j,B} >
    H_1 = T_kin,    H_2 = V_pot,    H_3 = V_2-A,    H_4 = V_B-A 

HijkB: {{{0.28125, 0.28125, -0.1666665985, 0.1666666389}, {0., 0., -0.03208354736, 0.}, {0.2296396634, -0.2296396634, -0.0000003894852121, 0.}, {0., 0., -0.01069687545, 0.}}, {{0., 0., -0.03208354736, 0.}, {0.46875, 0.46875, -0.1790179733, 0.1666666389}, {0., 0., 0.02619407821, 0.}, {0., 0., -0.04322154486, 0.}}, {{0.2296396634, -0.2296396634, -0.0000003894852121, 0.}, {0., 0., 0.02619407821, 0.}, {0.65625, 0.65625, -0.1666621467, 0.1666666389}, {0., 0., 0.0174618567, 0.}}, {{0., 0., -0.01069687545, 0.}, {0., 0., -0.04322154486, 0.}, {0., 0., 0.0174618567, 0.}, {0.65625, 0.65625, -0.183127591, 0.1666666389}}}
0.28125      0.           0.22964      0.
0.28125      0.           -0.22964     0.
-0.166667    -0.0320835   0.           -0.0106969
0.166667     0.           0.           0.

0.           0.46875      0.           0.
0.           0.46875      0.           0.
-0.0320835   -0.179018    0.0261941    -0.0432215
0.           0.166667     0.           0.

0.22964      0.           0.65625      0.
-0.22964     0.           0.65625      0.
0.           0.0261941    -0.166662    0.0174619
0.           0.           0.166667     0.

0.           0.           0.           0.65625
0.           0.           0.           0.65625
-0.0106969   -0.0432215   0.0174619    -0.183128
0.           0.           0.           0.166667


    Hamiltonian Matrix AB:    < psi_{i1,A} <psi_{i2,B} | V_e-e | psi_{i3,A} <psi_{i4,B} >

HijkAB: {{{{0.1666295357, 0.03197230342, 0.000108495313, 0.01050537928}, {0.03197230342, 0.01202865643, 0.0002911163646, 0.005640299164}, {0.000108004995, 0.0002911163646, -0.0002439170625, 0.0004720311067}, {0.01050537928, 0.005640299164, 0.0004720311067, 0.003268218613}}, {{0.03197230342, 0.1786648526, -0.0258065832, 0.04255830455}, {0.01202865643, 0.03824375199, -0.009105737736, 0.0172947267}, {0.0002911163646, 0.000827227042, -0.0007612020919, 0.001329103899}, {0.005640299164, 0.01388563974, -0.003602294071, 0.008453078245}}, {{0.0001083296351, -0.0258065832, 0.166199588, -0.01670101847}, {0.0002911163646, -0.009105737736, 0.03097013921, -0.008197039524}, {-0.0002439170625, -0.0007612020919, 0.0007927250572, -0.0013374656}, {0.0004720311067, -0.003602294071, 0.009159097785, -0.004049684087}}, {{0.01050537928, 0.04255830455, -0.01670101847, 0.1818721089}, {0.005640299164, 0.0172947267, -0.008197039524, 0.03997455034}, {0.0004720311067, 0.001329103899, -0.0013374656, 0.002326411497}, {0.003268218613, 0.008453078245, -0.004049684087, 0.01465959553}}}, {{{0.03197230342, 0.01202865643, 0.0002911163646, 0.005640299164}, {0.1786648526, 0.03824375199, 0.000827227042, 0.01394469564}, {-0.0258065832, -0.009105759463, -0.0007612020919, -0.003602294071}, {0.04255830455, 0.0172947267, 0.001329103899, 0.008453078245}}, {{0.01202865643, 0.03824375199, -0.009105737736, 0.0172947267}, {0.03824375199, 0.1940300183, -0.02940300412, 0.05118534647}, {-0.009105759463, -0.02940300412, 0.00590286583, -0.01136411281}, {0.0172947267, 0.05118534647, -0.01136411281, 0.02413035906}}, {{0.0002911163646, -0.009105737736, 0.03097013921, -0.008197039524}, {0.000827227042, -0.02940300412, 0.176183792, -0.0202958165}, {-0.0007612020919, 0.00590286583, -0.02379773004, 0.004234552951}, {0.001329103899, -0.01136411281, 0.03891726516, -0.01048139571}}, {{0.005640299164, 0.0172947267, -0.008197039524, 0.03997455034}, {0.01394469365, 0.05118534647, -0.0202958165, 0.1969220971}, {-0.003602294071, -0.01136411281, 0.004234552951, -0.02820836478}, {0.008453078245, 0.02413035906, -0.01048139571, 0.05188243083}}}, {{{0.0001078596164, 0.0002911163646, -0.0002439170625, 0.0004720311067}, {-0.0258065832, -0.009105759463, -0.0007612020919, -0.003602294071}, {0.1661995204, 0.03097013921, 0.0007936248068, 0.009159097785}, {-0.01670101847, -0.008197039524, -0.0013374656, -0.004051480601}}, {{0.0002911163646, 0.000827227042, -0.0007612020919, 0.001329103899}, {-0.009105759463, -0.02940300412, 0.00590286583, -0.01136411281}, {0.03097013921, 0.176183792, -0.02379773004, 0.03891726516}, {-0.008197039524, -0.0202958165, 0.004234552951, -0.01048139571}}, {{-0.0002439170625, -0.0007612020919, 0.0007927250572, -0.0013374656}, {-0.0007612020919, 0.00590286583, -0.02379773004, 0.004234552951}, {0.0007936248068, -0.02379773004, 0.1642624977, -0.01348634342}, {-0.0013374656, 0.004234552951, -0.01348634342, 0.004057708242}}, {{0.0004720311067, 0.001329103899, -0.0013374656, 0.002326411497}, {-0.003602294071, -0.01136411281, 0.004234552951, -0.02820836478}, {0.009159097785, 0.03891726516, -0.01348634342, 0.1762310063}, {-0.004051480601, -0.01048139571, 0.004057708242, -0.01886860712}}}, {{{0.01050537928, 0.005640299164, 0.0004720311067, 0.003268218613}, {0.04255830455, 0.0172947267, 0.001329103899, 0.008453078245}, {-0.01670101847, -0.008197039524, -0.0013374656, -0.004051480601}, {0.1818721089, 0.03997455034, 0.002326411497, 0.01465959553}}, {{0.005640299164, 0.01388563775, -0.003602294071, 0.008453078245}, {0.0172947267, 0.05118534647, -0.01136411281, 0.02413035906}, {-0.008197039524, -0.0202958165, 0.004234552951, -0.01048139571}, {0.03997455034, 0.1969220971, -0.02820836478, 0.05188243083}}, {{0.0004720311067, -0.003602294071, 0.009159097785, -0.004049684087}, {0.001329103899, -0.01136411281, 0.03891726516, -0.01048139571}, {-0.0013374656, 0.004234552951, -0.01348634342, 0.004057708242}, {0.002326411497, -0.02820836478, 0.1762310063, -0.01886860712}}, {{0.003268218613, 0.008453078245, -0.004049684087, 0.01465959553}, {0.008453078245, 0.02413035906, -0.01048139571, 0.05188243083}, {-0.004051480601, -0.01048139571, 0.004057708242, -0.01886860712}, {0.01465959553, 0.05188243083, -0.01886860712, 0.197098012}}}}
0.16663      0.0319723    0.000108495  0.0105054      0.0319723    0.178665     -0.0258066   0.0425583      0.00010833   -0.0258066   0.1662       -0.016701      0.0105054    0.0425583    -0.016701    0.181872
0.0319723    0.0120287    0.000291116  0.0056403      0.0120287    0.0382438    -0.00910574  0.0172947      0.000291116  -0.00910574  0.0309701    -0.00819704    0.0056403    0.0172947    -0.00819704  0.0399746
0.000108005  0.000291116  -0.000243917 0.000472031    0.000291116  0.000827227  -0.000761202 0.0013291      -0.000243917 -0.000761202 0.000792725  -0.00133747    0.000472031  0.0013291    -0.00133747  0.00232641
0.0105054    0.0056403    0.000472031  0.00326822     0.0056403    0.0138856    -0.00360229  0.00845308     0.000472031  -0.00360229  0.0091591    -0.00404968    0.00326822   0.00845308   -0.00404968  0.0146596

0.0319723    0.0120287    0.000291116  0.0056403      0.0120287    0.0382438    -0.00910574  0.0172947      0.000291116  -0.00910574  0.0309701    -0.00819704    0.0056403    0.0172947    -0.00819704  0.0399746
0.178665     0.0382438    0.000827227  0.0139447      0.0382438    0.19403      -0.029403    0.0511853      0.000827227  -0.029403    0.176184     -0.0202958     0.0139447    0.0511853    -0.0202958   0.196922
-0.0258066   -0.00910576  -0.000761202 -0.00360229    -0.00910576  -0.029403    0.00590287   -0.0113641     -0.000761202 0.00590287   -0.0237977   0.00423455     -0.00360229  -0.0113641   0.00423455   -0.0282084
0.0425583    0.0172947    0.0013291    0.00845308     0.0172947    0.0511853    -0.0113641   0.0241304      0.0013291    -0.0113641   0.0389173    -0.0104814     0.00845308   0.0241304    -0.0104814   0.0518824

0.00010786   0.000291116  -0.000243917 0.000472031    0.000291116  0.000827227  -0.000761202 0.0013291      -0.000243917 -0.000761202 0.000792725  -0.00133747    0.000472031  0.0013291    -0.00133747  0.00232641
-0.0258066   -0.00910576  -0.000761202 -0.00360229    -0.00910576  -0.029403    0.00590287   -0.0113641     -0.000761202 0.00590287   -0.0237977   0.00423455     -0.00360229  -0.0113641   0.00423455   -0.0282084
0.1662       0.0309701    0.000793625  0.0091591      0.0309701    0.176184     -0.0237977   0.0389173      0.000793625  -0.0237977   0.164262     -0.0134863     0.0091591    0.0389173    -0.0134863   0.176231
-0.016701    -0.00819704  -0.00133747  -0.00405148    -0.00819704  -0.0202958   0.00423455   -0.0104814     -0.00133747  0.00423455   -0.0134863   0.00405771     -0.00405148  -0.0104814   0.00405771   -0.0188686

0.0105054    0.0056403    0.000472031  0.00326822     0.0056403    0.0138856    -0.00360229  0.00845308     0.000472031  -0.00360229  0.0091591    -0.00404968    0.00326822   0.00845308   -0.00404968  0.0146596
0.0425583    0.0172947    0.0013291    0.00845308     0.0172947    0.0511853    -0.0113641   0.0241304      0.0013291    -0.0113641   0.0389173    -0.0104814     0.00845308   0.0241304    -0.0104814   0.0518824
-0.016701    -0.00819704  -0.00133747  -0.00405148    -0.00819704  -0.0202958   0.00423455   -0.0104814     -0.00133747  0.00423455   -0.0134863   0.00405771     -0.00405148  -0.0104814   0.00405771   -0.0188686
0.181872     0.0399746    0.00232641   0.0146596      0.0399746    0.196922     -0.0282084   0.0518824      0.00232641   -0.0282084   0.176231     -0.0188686     0.0146596    0.0518824    -0.0188686   0.197098


    Hamiltonian Matrix BA:    < psi_{i1,B} <psi_{i2,A} | V_e-e | psi_{i3,B} <psi_{i4,A} >

HijkBA: {{{{0.1666295357, 0.03197230342, 0.000108495313, 0.01050537928}, {0.03197230342, 0.01202865643, 0.0002911163646, 0.005640299164}, {0.000108004995, 0.0002911163646, -0.0002439170625, 0.0004720311067}, {0.01050537928, 0.005640299164, 0.0004720311067, 0.003268218613}}, {{0.03197230342, 0.1786648526, -0.0258065832, 0.04255830455}, {0.01202865643, 0.03824375199, -0.009105737736, 0.0172947267}, {0.0002911163646, 0.000827227042, -0.0007612020919, 0.001329103899}, {0.005640299164, 0.01388563974, -0.003602294071, 0.008453078245}}, {{0.0001083296351, -0.0258065832, 0.166199588, -0.01670101847}, {0.0002911163646, -0.009105737736, 0.03097013921, -0.008197039524}, {-0.0002439170625, -0.0007612020919, 0.0007927250572, -0.0013374656}, {0.0004720311067, -0.003602294071, 0.009159097785, -0.004049684087}}, {{0.01050537928, 0.04255830455, -0.01670101847, 0.1818721089}, {0.005640299164, 0.0172947267, -0.008197039524, 0.03997455034}, {0.0004720311067, 0.001329103899, -0.0013374656, 0.002326411497}, {0.003268218613, 0.008453078245, -0.004049684087, 0.01465959553}}}, {{{0.03197230342, 0.01202865643, 0.0002911163646, 0.005640299164}, {0.1786648526, 0.03824375199, 0.000827227042, 0.01394469564}, {-0.0258065832, -0.009105759463, -0.0007612020919, -0.003602294071}, {0.04255830455, 0.0172947267, 0.001329103899, 0.008453078245}}, {{0.01202865643, 0.03824375199, -0.009105737736, 0.0172947267}, {0.03824375199, 0.1940300183, -0.02940300412, 0.05118534647}, {-0.009105759463, -0.02940300412, 0.00590286583, -0.01136411281}, {0.0172947267, 0.05118534647, -0.01136411281, 0.02413035906}}, {{0.0002911163646, -0.009105737736, 0.03097013921, -0.008197039524}, {0.000827227042, -0.02940300412, 0.176183792, -0.0202958165}, {-0.0007612020919, 0.00590286583, -0.02379773004, 0.004234552951}, {0.001329103899, -0.01136411281, 0.03891726516, -0.01048139571}}, {{0.005640299164, 0.0172947267, -0.008197039524, 0.03997455034}, {0.01394469365, 0.05118534647, -0.0202958165, 0.1969220971}, {-0.003602294071, -0.01136411281, 0.004234552951, -0.02820836478}, {0.008453078245, 0.02413035906, -0.01048139571, 0.05188243083}}}, {{{0.0001078596164, 0.0002911163646, -0.0002439170625, 0.0004720311067}, {-0.0258065832, -0.009105759463, -0.0007612020919, -0.003602294071}, {0.1661995204, 0.03097013921, 0.0007936248068, 0.009159097785}, {-0.01670101847, -0.008197039524, -0.0013374656, -0.004051480601}}, {{0.0002911163646, 0.000827227042, -0.0007612020919, 0.001329103899}, {-0.009105759463, -0.02940300412, 0.00590286583, -0.01136411281}, {0.03097013921, 0.176183792, -0.02379773004, 0.03891726516}, {-0.008197039524, -0.0202958165, 0.004234552951, -0.01048139571}}, {{-0.0002439170625, -0.0007612020919, 0.0007927250572, -0.0013374656}, {-0.0007612020919, 0.00590286583, -0.02379773004, 0.004234552951}, {0.0007936248068, -0.02379773004, 0.1642624977, -0.01348634342}, {-0.0013374656, 0.004234552951, -0.01348634342, 0.004057708242}}, {{0.0004720311067, 0.001329103899, -0.0013374656, 0.002326411497}, {-0.003602294071, -0.01136411281, 0.004234552951, -0.02820836478}, {0.009159097785, 0.03891726516, -0.01348634342, 0.1762310063}, {-0.004051480601, -0.01048139571, 0.004057708242, -0.01886860712}}}, {{{0.01050537928, 0.005640299164, 0.0004720311067, 0.003268218613}, {0.04255830455, 0.0172947267, 0.001329103899, 0.008453078245}, {-0.01670101847, -0.008197039524, -0.0013374656, -0.004051480601}, {0.1818721089, 0.03997455034, 0.002326411497, 0.01465959553}}, {{0.005640299164, 0.01388563775, -0.003602294071, 0.008453078245}, {0.0172947267, 0.05118534647, -0.01136411281, 0.02413035906}, {-0.008197039524, -0.0202958165, 0.004234552951, -0.01048139571}, {0.03997455034, 0.1969220971, -0.02820836478, 0.05188243083}}, {{0.0004720311067, -0.003602294071, 0.009159097785, -0.004049684087}, {0.001329103899, -0.01136411281, 0.03891726516, -0.01048139571}, {-0.0013374656, 0.004234552951, -0.01348634342, 0.004057708242}, {0.002326411497, -0.02820836478, 0.1762310063, -0.01886860712}}, {{0.003268218613, 0.008453078245, -0.004049684087, 0.01465959553}, {0.008453078245, 0.02413035906, -0.01048139571, 0.05188243083}, {-0.004051480601, -0.01048139571, 0.004057708242, -0.01886860712}, {0.01465959553, 0.05188243083, -0.01886860712, 0.197098012}}}}
0.16663      0.0319723    0.000108495  0.0105054      0.0319723    0.178665     -0.0258066   0.0425583      0.00010833   -0.0258066   0.1662       -0.016701      0.0105054    0.0425583    -0.016701    0.181872
0.0319723    0.0120287    0.000291116  0.0056403      0.0120287    0.0382438    -0.00910574  0.0172947      0.000291116  -0.00910574  0.0309701    -0.00819704    0.0056403    0.0172947    -0.00819704  0.0399746
0.000108005  0.000291116  -0.000243917 0.000472031    0.000291116  0.000827227  -0.000761202 0.0013291      -0.000243917 -0.000761202 0.000792725  -0.00133747    0.000472031  0.0013291    -0.00133747  0.00232641
0.0105054    0.0056403    0.000472031  0.00326822     0.0056403    0.0138856    -0.00360229  0.00845308     0.000472031  -0.00360229  0.0091591    -0.00404968    0.00326822   0.00845308   -0.00404968  0.0146596

0.0319723    0.0120287    0.000291116  0.0056403      0.0120287    0.0382438    -0.00910574  0.0172947      0.000291116  -0.00910574  0.0309701    -0.00819704    0.0056403    0.0172947    -0.00819704  0.0399746
0.178665     0.0382438    0.000827227  0.0139447      0.0382438    0.19403      -0.029403    0.0511853      0.000827227  -0.029403    0.176184     -0.0202958     0.0139447    0.0511853    -0.0202958   0.196922
-0.0258066   -0.00910576  -0.000761202 -0.00360229    -0.00910576  -0.029403    0.00590287   -0.0113641     -0.000761202 0.00590287   -0.0237977   0.00423455     -0.00360229  -0.0113641   0.00423455   -0.0282084
0.0425583    0.0172947    0.0013291    0.00845308     0.0172947    0.0511853    -0.0113641   0.0241304      0.0013291    -0.0113641   0.0389173    -0.0104814     0.00845308   0.0241304    -0.0104814   0.0518824

0.00010786   0.000291116  -0.000243917 0.000472031    0.000291116  0.000827227  -0.000761202 0.0013291      -0.000243917 -0.000761202 0.000792725  -0.00133747    0.000472031  0.0013291    -0.00133747  0.00232641
-0.0258066   -0.00910576  -0.000761202 -0.00360229    -0.00910576  -0.029403    0.00590287   -0.0113641     -0.000761202 0.00590287   -0.0237977   0.00423455     -0.00360229  -0.0113641   0.00423455   -0.0282084
0.1662       0.0309701    0.000793625  0.0091591      0.0309701    0.176184     -0.0237977   0.0389173      0.000793625  -0.0237977   0.164262     -0.0134863     0.0091591    0.0389173    -0.0134863   0.176231
-0.016701    -0.00819704  -0.00133747  -0.00405148    -0.00819704  -0.0202958   0.00423455   -0.0104814     -0.00133747  0.00423455   -0.0134863   0.00405771     -0.00405148  -0.0104814   0.00405771   -0.0188686

0.0105054    0.0056403    0.000472031  0.00326822     0.0056403    0.0138856    -0.00360229  0.00845308     0.000472031  -0.00360229  0.0091591    -0.00404968    0.00326822   0.00845308   -0.00404968  0.0146596
0.0425583    0.0172947    0.0013291    0.00845308     0.0172947    0.0511853    -0.0113641   0.0241304      0.0013291    -0.0113641   0.0389173    -0.0104814     0.00845308   0.0241304    -0.0104814   0.0518824
-0.016701    -0.00819704  -0.00133747  -0.00405148    -0.00819704  -0.0202958   0.00423455   -0.0104814     -0.00133747  0.00423455   -0.0134863   0.00405771     -0.00405148  -0.0104814   0.00405771   -0.0188686
0.181872     0.0399746    0.00232641   0.0146596      0.0399746    0.196922     -0.0282084   0.0518824      0.00232641   -0.0282084   0.176231     -0.0188686     0.0146596    0.0518824    -0.0188686   0.197098


Energy:  {1.12496279}


Coefficients: {{0.9999999211, 0.0002726570664, -0.0001448043076, 0.0002500138142}, {0.9999999211, 0.0002726570664, -0.0001448043076, 0.0002500138142}}


r2: {4.003125666, 4.003125666}
r2f: {4.002178649}


r3: {9.838910336, 9.838910336}
r3f: {9.835419146}


alpha: {7.11750554, 7.11750554}
alphaf: {7.11498}




~~~XDM (a1=0.65, a2=3.17474)~~~

M1^2: {4.00217932, 4.00217932}
M1f^2: {4.002178816}

M2^2: {26.69573493, 26.69573493}
M2f^2: {26.69572323}

M3^2: {249.2959663, 249.2959663}
M3f^2: {249.2957916}

C6XDM: {{14.24276674, 14.24276674}, {14.24276674, 14.24276674}}
C6XDMf: {14.23771112}

C8XDM: {{285.0105619, 285.0105619}, {285.0105619, 285.0105619}}
C8XDMf: {284.9093053}

C10XDM: {{6210.278996, 6210.278996}, {6210.278996, 6210.278996}}
C10XDMf: {6208.070889}

EXDMC6: {-0.0003052716156}
EXDMC8: {-0.0001696877035}
EXDMC10: {-0.0001027064891}

EXDMBJC6: {-0.0001416877609}
EXDMBJC8: {-0.00007674058739}
EXDMBJC10: {-0.00004523292247}

EXDM: {-0.0005776658082}
EXDMBJ: {-0.0002636612708}




~~~TS (dTS=20, sR=0.62)~~~

C6TS: {{14.24782057, 14.24782057}, {14.24782057, 14.24782057}}
C6TSf: {14.23771112}

ETS: {-0.0003053799367}
ETSWY: {-0.0003053758181}




~~~MBD~~~

 alpha: {7.133459907, 7.133459907}
  C6ii: {14.28765701, 14.28765701}
 omega: {0.3743685035, 0.3743685035}
lambda: {0.1494052458, 0.1447801776, 0.1447801776, 0.1355233751, 0.1355233751, 0.1308983069}
Energy: {-0.0003063805806}

~~~MBD@rsSCS (drsSCS=6, sR=0.62)~~~

 alpha: {7.117520975, 7.117520975}
  C6ii: {14.24786112, 14.24786112}
 omega: {0.3749996812, 0.3749996812}
lambda: {0.1495824822, 0.1451036216, 0.1451036216, 0.1361459003, 0.1361459003, 0.1316670397}
Energy: {-0.0002855730961}




~~~MBDFree1~~~

 alpha: {7.130917308, 7.130917308}
  C6ii: {14.27749076, 14.27749076}
 omega: {0.3743689521, 0.3743689521}
lambda: {0.1494023145, 0.1447788753, 0.1447788753, 0.1355253492, 0.1355253492, 0.13090191}
Energy: {-0.0003061627652}

~~~MBDFree1@rsSCS (drsSCS=6, sR=0.62)~~~

 alpha: {7.114995422, 7.114995422}
  C6ii: {14.23775161, 14.23775161}
 omega: {0.3749996814, 0.3749996814}
lambda: {0.1495793038, 0.1451020324, 0.1451020324, 0.1361474897, 0.1361474897, 0.1316702183}
Energy: {-0.0002853702759}




~~~MBDFree2~~~

 alpha: {7.130917308, 7.130917308}
  C6ii: {14.28762846, 14.28762846}
 omega: {0.3746347719, 0.3746347719}
lambda: {0.1496145554, 0.1449845482, 0.1449845482, 0.1357178765, 0.1357178765, 0.1310878693}
Energy: {-0.0003063801554}

~~~MBDFree2@rsSCS (drsSCS=6, sR=0.62)~~~

 alpha: {7.114995422, 7.114995422}
  C6ii: {14.2478611, 14.2478611}
 omega: {0.3752659491, 0.3752659491}
lambda: {0.1497917961, 0.1453081643, 0.1453081643, 0.1363409008, 0.1363409008, 0.131857269}
Energy: {-0.0002855729024}




~~~MBD@XDM1~~~

 alpha: {7.132188944, 7.132188944}
  C6ii: {14.28257478, 14.28257478}
 omega: {0.3743687277, 0.3743687277}
lambda: {0.1494037806, 0.1447795267, 0.1447795267, 0.1355243619, 0.1355243619, 0.130900108}
Energy: {-0.0003062716922}

~~~MBD@XDM1@rsSCS (drsSCS=6, sR=0.62)~~~

 alpha: {7.116258534, 7.116258534}
  C6ii: {14.24280726, 14.24280726}
 omega: {0.3749996813, 0.3749996813}
lambda: {0.1495808934, 0.1451028272, 0.1451028272, 0.1361466948, 0.1361466948, 0.1316686286}
Energy: {-0.0002854717039}




~~~MBD@XDM2~~~

 alpha: {7.133459907, 7.133459907}
  C6ii: {14.28258905, 14.28258905}
 omega: {0.3742357115, 0.3742357115}
lambda: {0.1492992738, 0.1446774862, 0.1446774862, 0.1354272494, 0.1354272494, 0.1308054618}
Energy: {-0.0003062719046}

~~~MBD@XDM2@rsSCS (drsSCS=6, sR=0.62)~~~

 alpha: {7.117520975, 7.117520975}
  C6ii: {14.24280727, 14.24280727}
 omega: {0.3748666654, 0.3748666654}
lambda: {0.1494763844, 0.1450007006, 0.1450007006, 0.1360493331, 0.1360493331, 0.1315736493}
Energy: {-0.0002854718007}




    ENERGY MATRIX: {Non-Interacting, Electron-Nuclear, Electron-Electron, Nuclear-Nuclear, Total Energy}
Oscillator 1 Energy: {0.5625000905, -0.1666894539, 0.08333743896, 0.08333331944, 0.562481395}
Oscillator 2 Energy: {0.5625000905, -0.1666894539, 0.08333743896, 0.08333331944, 0.562481395}
Energy Totals: {1.125000181, -0.3333789078, 0.1666748779, 0.1666666389, 1.12496279}


    COEFFICIENT MATRIX: {c1, c2, c5, c6, c11, c14}
Oscillator 1 Cs: {0.9999999211, 0.0002726570664, -0.0001448043076, 0.0002500138142}
Oscillator 2 Cs: {0.9999999211, 0.0002726570664, -0.0001448043076, 0.0002500138142}


    GENERAL RESULTS: {R, E, r2, r2f, r3, r3f, alpha, alphaf}
Oscillator 1 General Results: {6.000001, 1.12496279, 4.003125666, 4.002178649, 9.838910336, 9.835419146, 7.11750554, 7.11498}
Oscillator 2 General Results: {6.000001, 1.12496279, 4.003125666, 4.002178649, 9.838910336, 9.835419146, 7.11750554, 7.11498}


    XDM RESULTS: {M1^2, M1f^2, M2^2, M2f^2, M3^2, M3f^2, C6XDMii, C6XDMij, C6XDMf, C8XDMii, C8XDMij, C8XDMf, C10XDMii, C10XDMij, C10XDMf, EXDMC6, EXDMC8, EXDMC10, EXDMBJC6, EXDMBJC8, EXDMBJC10, EXDM, EXDMBJ}
Oscillator 1 XDM Results: {4.00217932, 4.002178816, 26.69573493, 26.69572323, 249.2959663, 249.2957916, 14.24276674, {{14.24276674, 14.24276674}, {14.24276674, 14.24276674}}, 14.23771112, 285.0105619, {{285.0105619, 285.0105619}, {285.0105619, 285.0105619}}, 284.9093053, 6210.278996, {{6210.278996, 6210.278996}, {6210.278996, 6210.278996}}, 6208.070889, -0.0003052716156, -0.0001696877035, -0.0001027064891, -0.0001416877609, -0.00007674058739, -0.00004523292247, -0.0005776658082, -0.0002636612708}
Oscillator 2 XDM Results: {4.00217932, 4.002178816, 26.69573493, 26.69572323, 249.2959663, 249.2957916, 14.24276674, {{14.24276674, 14.24276674}, {14.24276674, 14.24276674}}, 14.23771112, 285.0105619, {{285.0105619, 285.0105619}, {285.0105619, 285.0105619}}, 284.9093053, 6210.278996, {{6210.278996, 6210.278996}, {6210.278996, 6210.278996}}, 6208.070889, -0.0003052716156, -0.0001696877035, -0.0001027064891, -0.0001416877609, -0.00007674058739, -0.00004523292247, -0.0005776658082, -0.0002636612708}


    TS RESULTS: {C6TSii, C6TSij, C6TSf, ETS, ETSWY}
Oscillator 1 TS Results: {14.24782057, {{14.24782057, 14.24782057}, {14.24782057, 14.24782057}}, 14.23771112, -0.0003053799367, -0.0003053758181}
Oscillator 2 TS Results: {14.24782057, {{14.24782057, 14.24782057}, {14.24782057, 14.24782057}}, 14.23771112, -0.0003053799367, -0.0003053758181}


    MBD RESULTS: {MBD_alpha, MBD_C6, MBD_omega, MBD_Energy, MBDF1_alpha, MBDF1_C6, MBDF1_omega, MBDF1_Energy, MBDF2_alpha, MBDF2_C6, MBDF2_omega, MBDF2_Energy, MBDX1_alpha, MBDX1_C6, MBDX1_omega, MBDX1_Energy, MBDX2_alpha, MBDX2_C6, MBDX2_omega, MBDX2_Energy}
Oscillator 1 MBD Results: {7.133459907, 14.28765701, 0.3743685035, -0.0003063805806, 7.130917308, 14.27749076, 0.3743689521, -0.0003061627652, 7.130917308, 14.28762846, 0.3746347719, -0.0003063801554, 7.132188944, 14.28257478, 0.3743687277, -0.0003062716922, 7.133459907, 14.28258905, 0.3742357115, -0.0003062719046}
Oscillator 2 MBD Results: {7.133459907, 14.28765701, 0.3743685035, -0.0003063805806, 7.130917308, 14.27749076, 0.3743689521, -0.0003061627652, 7.130917308, 14.28762846, 0.3746347719, -0.0003063801554, 7.132188944, 14.28257478, 0.3743687277, -0.0003062716922, 7.133459907, 14.28258905, 0.3742357115, -0.0003062719046}


    MBDRSSCS RESULTS: {MBDrsSCS_alpha, MBDrsSCS_C6, MBDrsSCS_omega, MBDrsSCS_Energy, MBDF1rsSCS_alpha, MBDF1rsSCS_C6, MBDF1rsSCS_omega, MBDF1rsSCS_Energy, MBDF2rsSCS_alpha, MBDF2rsSCS_C6, MBDF2rsSCS_omega, MBDF2rsSCS_Energy, MBDX1rsSCS_alpha, MBDX1rsSCS_C6, MBDX1rsSCS_omega, MBDX1rsSCS_Energy, MBDX2rsSCS_alpha, MBDX2rsSCS_C6, MBDX2rsSCS_omega, MBDX2rsSCS_Energy}
Oscillator 1 MBDrsSCS Results: {7.117520975, 14.24786112, 0.3749996812, -0.0002855730961, 7.114995422, 14.23775161, 0.3749996814, -0.0002853702759, 7.114995422, 14.2478611, 0.3752659491, -0.0002855729024, 7.116258534, 14.24280726, 0.3749996813, -0.0002854717039, 7.117520975, 14.24280727, 0.3748666654, -0.0002854718007}
Oscillator 2 MBDrsSCS Results: {7.117520975, 14.24786112, 0.3749996812, -0.0002855730961, 7.114995422, 14.23775161, 0.3749996814, -0.0002853702759, 7.114995422, 14.2478611, 0.3752659491, -0.0002855729024, 7.116258534, 14.24280726, 0.3749996813, -0.0002854717039, 7.117520975, 14.24280727, 0.3748666654, -0.0002854718007}


         {R, Energy}
SUMMARY: {6.000001, 1.12496279}