Oscillators N=2 2022-12-24  w=0.375000 a=7.11498.nb ( N = 2, M = 4 )
~~~~~~~~~~~~~~~~~~~~~~~~~~~~~~~~~~~~~~
Run Commenced: Mon 26 Dec 2022 23:30:21
Run Completed: Mon 26 Dec 2022 23:47:31
Time Elapsed: 00:17:10

Oscillators Used: 2
Wavefunctions Used: 4
Internuclear Separation: 2.
omega: 0.375
nu : 0.187398

For display purposes, the threshold of Hamiltonian matrix elements has been set to: 10^-6.


    Hamiltonian Matrix A:    < psi_{i,A} | H_k | psi_{j,A} >
    H_1 = T_kin,    H_2 = V_pot,    H_3 = V_1-B,    H_4 = V_A-B

HijkA: {{{0.28125, 0.28125, -0.4583256162, 0.49999975}, {0., 0., -0.1755977387, 0.}, {0.2296396634, -0.2296396634, -0.06297803075, 0.}, {0., 0., -0.0865810776, 0.}}, {{0., 0., -0.1755977387, 0.}, {0.46875, 0.46875, -0.506879486, 0.49999975}, {0., 0., 0.03432344295, 0.}, {0., 0., -0.1985442629, 0.}}, {{0.2296396634, -0.2296396634, -0.06297803075, 0.}, {0., 0., 0.03432344295, 0.}, {0.65625, 0.65625, -0.3555247913, 0.49999975}, {0., 0., 0.0323644319, 0.}}, {{0., 0., -0.0865810776, 0.}, {0., 0., -0.1985442629, 0.}, {0., 0., 0.0323644319, 0.}, {0.65625, 0.65625, -0.4471026827, 0.49999975}}}
0.28125      0.           0.22964      0.
0.28125      0.           -0.22964     0.
-0.458326    -0.175598    -0.062978    -0.0865811
0.5          0.           0.           0.

0.           0.46875      0.           0.
0.           0.46875      0.           0.
-0.175598    -0.506879    0.0343234    -0.198544
0.           0.5          0.           0.

0.22964      0.           0.65625      0.
-0.22964     0.           0.65625      0.
-0.062978    0.0343234    -0.355525    0.0323644
0.           0.           0.5          0.

0.           0.           0.           0.65625
0.           0.           0.           0.65625
-0.0865811   -0.198544    0.0323644    -0.447103
0.           0.           0.           0.5


    Hamiltonian Matrix B:    < psi_{i,B} | H_k | psi_{j,B} >
    H_1 = T_kin,    H_2 = V_pot,    H_3 = V_2-A,    H_4 = V_B-A 

HijkB: {{{0.28125, 0.28125, -0.4583256162, 0.49999975}, {0., 0., -0.1755977387, 0.}, {0.2296396634, -0.2296396634, -0.06297803075, 0.}, {0., 0., -0.0865810776, 0.}}, {{0., 0., -0.1755977387, 0.}, {0.46875, 0.46875, -0.506879486, 0.49999975}, {0., 0., 0.03432344295, 0.}, {0., 0., -0.1985442629, 0.}}, {{0.2296396634, -0.2296396634, -0.06297803075, 0.}, {0., 0., 0.03432344295, 0.}, {0.65625, 0.65625, -0.3555247913, 0.49999975}, {0., 0., 0.0323644319, 0.}}, {{0., 0., -0.0865810776, 0.}, {0., 0., -0.1985442629, 0.}, {0., 0., 0.0323644319, 0.}, {0.65625, 0.65625, -0.4471026827, 0.49999975}}}
0.28125      0.           0.22964      0.
0.28125      0.           -0.22964     0.
-0.458326    -0.175598    -0.062978    -0.0865811
0.5          0.           0.           0.

0.           0.46875      0.           0.
0.           0.46875      0.           0.
-0.175598    -0.506879    0.0343234    -0.198544
0.           0.5          0.           0.

0.22964      0.           0.65625      0.
-0.22964     0.           0.65625      0.
-0.062978    0.0343234    -0.355525    0.0323644
0.           0.           0.5          0.

0.           0.           0.           0.65625
0.           0.           0.           0.65625
-0.0865811   -0.198544    0.0323644    -0.447103
0.           0.           0.           0.5


    Hamiltonian Matrix AB:    < psi_{i1,A} <psi_{i2,B} | V_e-e | psi_{i3,A} <psi_{i4,B} >

HijkAB: {{{{0.3897770091, 0.09225917109, 0.04710288676, 0.02519124587}, {0.0922591711, -0.009802625788, 0.04078542627, -0.01424071311}, {0.04710281589, 0.04078542627, 0.01438540009, 0.02069598045}, {0.02519124586, -0.01424071311, 0.02069598045, 0.0005440467899}}, {{0.09225917109, 0.3809742299, -0.03415950531, 0.09205053734}, {-0.009802625788, 0.04159644247, 0.01965404132, -0.02736725259}, {0.04078542627, 0.05890548376, -0.004109783734, 0.04147619105}, {-0.01424071311, 0.009197883564, 0.005745119149, -0.007010977475}}, {{0.04710288676, -0.03415950531, 0.327610742, -0.02068767701}, {0.04078542627, 0.01965404132, 0.05484089432, 0.01766211662}, {0.01438540009, -0.004109783734, 0.02798857285, -0.01054344474}, {0.02069598045, 0.005745119149, 0.01459630046, -0.003667707059}}, {{0.02519124587, 0.09205053734, -0.02068767701, 0.3424018004}, {-0.01424071311, -0.02736725259, 0.01766211662, 0.01810988}, {0.02069598045, 0.04147619105, -0.01054344474, 0.04424153696}, {0.0005440467899, -0.007010977475, -0.003667707059, 0.00810016815}}}, {{{0.0922591711, -0.009802625788, 0.04078542627, -0.01424071311}, {0.3809742299, 0.04159644247, 0.05890548376, 0.009186425921}, {-0.03415950531, 0.02018910966, -0.004109783734, 0.005745119149}, {0.09205053734, -0.02736725259, 0.04147619105, -0.007010977475}}, {{-0.009802625788, 0.04159644247, 0.01965404132, -0.02736725259}, {0.04159644247, 0.3428349925, -0.02418104946, 0.04995626206}, {0.02018910966, -0.02418104946, -0.002762819876, 0.01381234193}, {-0.02736725259, 0.04995626206, 0.01381234193, -0.02945600197}}, {{0.04078542627, 0.01965404132, 0.05484089432, 0.01766211662}, {0.05890548376, -0.02418104946, 0.3219060722, -0.01635829662}, {-0.004109783734, -0.002762819876, -0.02363180228, -0.003944027127}, {0.04147619105, 0.01381234193, 0.05887753846, 0.008829076867}}, {{-0.01424071311, -0.02736725259, 0.01766211662, 0.01810988}, {0.009196144259, 0.04995626206, -0.01635829662, 0.3162875785}, {0.005745119149, 0.01381234193, -0.003944027127, -0.02421712744}, {-0.007010977475, -0.02945600197, 0.008829076867, 0.02712070922}}}, {{{0.04710281589, 0.04078542627, 0.01438540009, 0.02069598045}, {-0.03415950531, 0.02018910966, -0.004109783734, 0.005745119149}, {0.3275303188, 0.05484089432, 0.02803463108, 0.01459630046}, {-0.02068767701, 0.01766211662, -0.01054344474, -0.003712523107}}, {{0.04078542627, 0.05890548376, -0.004109783734, 0.04147619105}, {0.02018910966, -0.02418104946, -0.002762819876, 0.01381234193}, {0.05484089432, 0.3219060722, -0.02363180228, 0.05887753846}, {0.01766211662, -0.01635829662, -0.003944027127, 0.008829076867}}, {{0.01438540009, -0.004109783734, 0.02798857285, -0.01054344474}, {-0.004109783734, -0.002762819876, -0.02363180228, -0.003944027127}, {0.02803463108, -0.02363180228, 0.285558182, -0.008411873622}, {-0.01054344474, -0.003944027127, -0.008411873622, 0.004914494434}}, {{0.02069598045, 0.04147619105, -0.01054344474, 0.04424153696}, {0.005745119149, 0.01381234193, -0.003944027127, -0.02421712744}, {0.01459630046, 0.05887753846, -0.008411873622, 0.2984999366}, {-0.003712523107, 0.008829076867, 0.004914494434, -0.01106332758}}}, {{{0.02519124586, -0.01424071311, 0.02069598045, 0.0005440467899}, {0.09205053734, -0.02736725259, 0.04147619105, -0.007010977475}, {-0.02068767701, 0.01766211662, -0.01054344474, -0.003712523107}, {0.3424018004, 0.01810988, 0.04424153696, 0.00810016815}}, {{-0.01424071311, 0.00919614202, 0.005745119149, -0.007010977475}, {-0.02736725259, 0.04995626206, 0.01381234193, -0.02945600197}, {0.01766211662, -0.01635829662, -0.003944027127, 0.008829076867}, {0.01810988, 0.3162875785, -0.02421712744, 0.02712070922}}, {{0.02069598045, 0.005745119149, 0.01459630046, -0.003667707059}, {0.04147619105, 0.01381234193, 0.05887753846, 0.008829076867}, {-0.01054344474, -0.003944027127, -0.008411873622, 0.004914494434}, {0.04424153696, -0.02421712744, 0.2984999366, -0.01106332758}}, {{0.0005440467899, -0.007010977475, -0.003667707059, 0.00810016815}, {-0.007010977475, -0.02945600197, 0.008829076867, 0.02712070922}, {-0.003712523107, 0.008829076867, 0.004914494434, -0.01106332758}, {0.00810016815, 0.02712070922, -0.01106332758, 0.2897262415}}}}
0.389777    0.0922592   0.0471029   0.0251912     0.0922592   0.380974    -0.0341595  0.0920505     0.0471029   -0.0341595  0.327611    -0.0206877    0.0251912   0.0920505   -0.0206877  0.342402
0.0922592   -0.00980263 0.0407854   -0.0142407    -0.00980263 0.0415964   0.019654    -0.0273673    0.0407854   0.019654    0.0548409   0.0176621     -0.0142407  -0.0273673  0.0176621   0.0181099
0.0471028   0.0407854   0.0143854   0.020696      0.0407854   0.0589055   -0.00410978 0.0414762     0.0143854   -0.00410978 0.0279886   -0.0105434    0.020696    0.0414762   -0.0105434  0.0442415
0.0251912   -0.0142407  0.020696    0.000544047   -0.0142407  0.00919788  0.00574512  -0.00701098   0.020696    0.00574512  0.0145963   -0.00366771   0.000544047 -0.00701098 -0.00366771 0.00810017

0.0922592   -0.00980263 0.0407854   -0.0142407    -0.00980263 0.0415964   0.019654    -0.0273673    0.0407854   0.019654    0.0548409   0.0176621     -0.0142407  -0.0273673  0.0176621   0.0181099
0.380974    0.0415964   0.0589055   0.00918643    0.0415964   0.342835    -0.024181   0.0499563     0.0589055   -0.024181   0.321906    -0.0163583    0.00919614  0.0499563   -0.0163583  0.316288
-0.0341595  0.0201891   -0.00410978 0.00574512    0.0201891   -0.024181   -0.00276282 0.0138123     -0.00410978 -0.00276282 -0.0236318  -0.00394403   0.00574512  0.0138123   -0.00394403 -0.0242171
0.0920505   -0.0273673  0.0414762   -0.00701098   -0.0273673  0.0499563   0.0138123   -0.029456     0.0414762   0.0138123   0.0588775   0.00882908    -0.00701098 -0.029456   0.00882908  0.0271207

0.0471028   0.0407854   0.0143854   0.020696      0.0407854   0.0589055   -0.00410978 0.0414762     0.0143854   -0.00410978 0.0279886   -0.0105434    0.020696    0.0414762   -0.0105434  0.0442415
-0.0341595  0.0201891   -0.00410978 0.00574512    0.0201891   -0.024181   -0.00276282 0.0138123     -0.00410978 -0.00276282 -0.0236318  -0.00394403   0.00574512  0.0138123   -0.00394403 -0.0242171
0.32753     0.0548409   0.0280346   0.0145963     0.0548409   0.321906    -0.0236318  0.0588775     0.0280346   -0.0236318  0.285558    -0.00841187   0.0145963   0.0588775   -0.00841187 0.2985
-0.0206877  0.0176621   -0.0105434  -0.00371252   0.0176621   -0.0163583  -0.00394403 0.00882908    -0.0105434  -0.00394403 -0.00841187 0.00491449    -0.00371252 0.00882908  0.00491449  -0.0110633

0.0251912   -0.0142407  0.020696    0.000544047   -0.0142407  0.00919614  0.00574512  -0.00701098   0.020696    0.00574512  0.0145963   -0.00366771   0.000544047 -0.00701098 -0.00366771 0.00810017
0.0920505   -0.0273673  0.0414762   -0.00701098   -0.0273673  0.0499563   0.0138123   -0.029456     0.0414762   0.0138123   0.0588775   0.00882908    -0.00701098 -0.029456   0.00882908  0.0271207
-0.0206877  0.0176621   -0.0105434  -0.00371252   0.0176621   -0.0163583  -0.00394403 0.00882908    -0.0105434  -0.00394403 -0.00841187 0.00491449    -0.00371252 0.00882908  0.00491449  -0.0110633
0.342402    0.0181099   0.0442415   0.00810017    0.0181099   0.316288    -0.0242171  0.0271207     0.0442415   -0.0242171  0.2985      -0.0110633    0.00810017  0.0271207   -0.0110633  0.289726


    Hamiltonian Matrix BA:    < psi_{i1,B} <psi_{i2,A} | V_e-e | psi_{i3,B} <psi_{i4,A} >

HijkBA: {{{{0.3897770091, 0.09225917109, 0.04710288676, 0.02519124587}, {0.0922591711, -0.009802625788, 0.04078542627, -0.01424071311}, {0.04710281589, 0.04078542627, 0.01438540009, 0.02069598045}, {0.02519124586, -0.01424071311, 0.02069598045, 0.0005440467899}}, {{0.09225917109, 0.3809742299, -0.03415950531, 0.09205053734}, {-0.009802625788, 0.04159644247, 0.01965404132, -0.02736725259}, {0.04078542627, 0.05890548376, -0.004109783734, 0.04147619105}, {-0.01424071311, 0.009197883564, 0.005745119149, -0.007010977475}}, {{0.04710288676, -0.03415950531, 0.327610742, -0.02068767701}, {0.04078542627, 0.01965404132, 0.05484089432, 0.01766211662}, {0.01438540009, -0.004109783734, 0.02798857285, -0.01054344474}, {0.02069598045, 0.005745119149, 0.01459630046, -0.003667707059}}, {{0.02519124587, 0.09205053734, -0.02068767701, 0.3424018004}, {-0.01424071311, -0.02736725259, 0.01766211662, 0.01810988}, {0.02069598045, 0.04147619105, -0.01054344474, 0.04424153696}, {0.0005440467899, -0.007010977475, -0.003667707059, 0.00810016815}}}, {{{0.0922591711, -0.009802625788, 0.04078542627, -0.01424071311}, {0.3809742299, 0.04159644247, 0.05890548376, 0.009186425921}, {-0.03415950531, 0.02018910966, -0.004109783734, 0.005745119149}, {0.09205053734, -0.02736725259, 0.04147619105, -0.007010977475}}, {{-0.009802625788, 0.04159644247, 0.01965404132, -0.02736725259}, {0.04159644247, 0.3428349925, -0.02418104946, 0.04995626206}, {0.02018910966, -0.02418104946, -0.002762819876, 0.01381234193}, {-0.02736725259, 0.04995626206, 0.01381234193, -0.02945600197}}, {{0.04078542627, 0.01965404132, 0.05484089432, 0.01766211662}, {0.05890548376, -0.02418104946, 0.3219060722, -0.01635829662}, {-0.004109783734, -0.002762819876, -0.02363180228, -0.003944027127}, {0.04147619105, 0.01381234193, 0.05887753846, 0.008829076867}}, {{-0.01424071311, -0.02736725259, 0.01766211662, 0.01810988}, {0.009196144259, 0.04995626206, -0.01635829662, 0.3162875785}, {0.005745119149, 0.01381234193, -0.003944027127, -0.02421712744}, {-0.007010977475, -0.02945600197, 0.008829076867, 0.02712070922}}}, {{{0.04710281589, 0.04078542627, 0.01438540009, 0.02069598045}, {-0.03415950531, 0.02018910966, -0.004109783734, 0.005745119149}, {0.3275303188, 0.05484089432, 0.02803463108, 0.01459630046}, {-0.02068767701, 0.01766211662, -0.01054344474, -0.003712523107}}, {{0.04078542627, 0.05890548376, -0.004109783734, 0.04147619105}, {0.02018910966, -0.02418104946, -0.002762819876, 0.01381234193}, {0.05484089432, 0.3219060722, -0.02363180228, 0.05887753846}, {0.01766211662, -0.01635829662, -0.003944027127, 0.008829076867}}, {{0.01438540009, -0.004109783734, 0.02798857285, -0.01054344474}, {-0.004109783734, -0.002762819876, -0.02363180228, -0.003944027127}, {0.02803463108, -0.02363180228, 0.285558182, -0.008411873622}, {-0.01054344474, -0.003944027127, -0.008411873622, 0.004914494434}}, {{0.02069598045, 0.04147619105, -0.01054344474, 0.04424153696}, {0.005745119149, 0.01381234193, -0.003944027127, -0.02421712744}, {0.01459630046, 0.05887753846, -0.008411873622, 0.2984999366}, {-0.003712523107, 0.008829076867, 0.004914494434, -0.01106332758}}}, {{{0.02519124586, -0.01424071311, 0.02069598045, 0.0005440467899}, {0.09205053734, -0.02736725259, 0.04147619105, -0.007010977475}, {-0.02068767701, 0.01766211662, -0.01054344474, -0.003712523107}, {0.3424018004, 0.01810988, 0.04424153696, 0.00810016815}}, {{-0.01424071311, 0.00919614202, 0.005745119149, -0.007010977475}, {-0.02736725259, 0.04995626206, 0.01381234193, -0.02945600197}, {0.01766211662, -0.01635829662, -0.003944027127, 0.008829076867}, {0.01810988, 0.3162875785, -0.02421712744, 0.02712070922}}, {{0.02069598045, 0.005745119149, 0.01459630046, -0.003667707059}, {0.04147619105, 0.01381234193, 0.05887753846, 0.008829076867}, {-0.01054344474, -0.003944027127, -0.008411873622, 0.004914494434}, {0.04424153696, -0.02421712744, 0.2984999366, -0.01106332758}}, {{0.0005440467899, -0.007010977475, -0.003667707059, 0.00810016815}, {-0.007010977475, -0.02945600197, 0.008829076867, 0.02712070922}, {-0.003712523107, 0.008829076867, 0.004914494434, -0.01106332758}, {0.00810016815, 0.02712070922, -0.01106332758, 0.2897262415}}}}
0.389777    0.0922592   0.0471029   0.0251912     0.0922592   0.380974    -0.0341595  0.0920505     0.0471029   -0.0341595  0.327611    -0.0206877    0.0251912   0.0920505   -0.0206877  0.342402
0.0922592   -0.00980263 0.0407854   -0.0142407    -0.00980263 0.0415964   0.019654    -0.0273673    0.0407854   0.019654    0.0548409   0.0176621     -0.0142407  -0.0273673  0.0176621   0.0181099
0.0471028   0.0407854   0.0143854   0.020696      0.0407854   0.0589055   -0.00410978 0.0414762     0.0143854   -0.00410978 0.0279886   -0.0105434    0.020696    0.0414762   -0.0105434  0.0442415
0.0251912   -0.0142407  0.020696    0.000544047   -0.0142407  0.00919788  0.00574512  -0.00701098   0.020696    0.00574512  0.0145963   -0.00366771   0.000544047 -0.00701098 -0.00366771 0.00810017

0.0922592   -0.00980263 0.0407854   -0.0142407    -0.00980263 0.0415964   0.019654    -0.0273673    0.0407854   0.019654    0.0548409   0.0176621     -0.0142407  -0.0273673  0.0176621   0.0181099
0.380974    0.0415964   0.0589055   0.00918643    0.0415964   0.342835    -0.024181   0.0499563     0.0589055   -0.024181   0.321906    -0.0163583    0.00919614  0.0499563   -0.0163583  0.316288
-0.0341595  0.0201891   -0.00410978 0.00574512    0.0201891   -0.024181   -0.00276282 0.0138123     -0.00410978 -0.00276282 -0.0236318  -0.00394403   0.00574512  0.0138123   -0.00394403 -0.0242171
0.0920505   -0.0273673  0.0414762   -0.00701098   -0.0273673  0.0499563   0.0138123   -0.029456     0.0414762   0.0138123   0.0588775   0.00882908    -0.00701098 -0.029456   0.00882908  0.0271207

0.0471028   0.0407854   0.0143854   0.020696      0.0407854   0.0589055   -0.00410978 0.0414762     0.0143854   -0.00410978 0.0279886   -0.0105434    0.020696    0.0414762   -0.0105434  0.0442415
-0.0341595  0.0201891   -0.00410978 0.00574512    0.0201891   -0.024181   -0.00276282 0.0138123     -0.00410978 -0.00276282 -0.0236318  -0.00394403   0.00574512  0.0138123   -0.00394403 -0.0242171
0.32753     0.0548409   0.0280346   0.0145963     0.0548409   0.321906    -0.0236318  0.0588775     0.0280346   -0.0236318  0.285558    -0.00841187   0.0145963   0.0588775   -0.00841187 0.2985
-0.0206877  0.0176621   -0.0105434  -0.00371252   0.0176621   -0.0163583  -0.00394403 0.00882908    -0.0105434  -0.00394403 -0.00841187 0.00491449    -0.00371252 0.00882908  0.00491449  -0.0110633

0.0251912   -0.0142407  0.020696    0.000544047   -0.0142407  0.00919614  0.00574512  -0.00701098   0.020696    0.00574512  0.0145963   -0.00366771   0.000544047 -0.00701098 -0.00366771 0.00810017
0.0920505   -0.0273673  0.0414762   -0.00701098   -0.0273673  0.0499563   0.0138123   -0.029456     0.0414762   0.0138123   0.0588775   0.00882908    -0.00701098 -0.029456   0.00882908  0.0271207
-0.0206877  0.0176621   -0.0105434  -0.00371252   0.0176621   -0.0163583  -0.00394403 0.00882908    -0.0105434  -0.00394403 -0.00841187 0.00491449    -0.00371252 0.00882908  0.00491449  -0.0110633
0.342402    0.0181099   0.0442415   0.00810017    0.0181099   0.316288    -0.0242171  0.0271207     0.0442415   -0.0242171  0.2985      -0.0110633    0.00810017  0.0271207   -0.0110633  0.289726


Energy:  {1.013156962}


Coefficients: {{0.9021464648, 0.3900739424, -0.04390727869, 0.1790145984}, {0.9021464648, 0.3900739424, -0.04390727869, 0.1790145984}}


r2: {4.848324784, 4.848324784}
r2f: {4.002178649}


r3: {13.0270642, 13.0270642}
r3f: {9.835419146}


alpha: {9.423828297, 9.423828297}
alphaf: {7.11498}




~~~XDM (a1=0.65, a2=3.17474)~~~

M1^2: {4.87342441, 4.87342441}
M1f^2: {4.002178816}

M2^2: {31.81561662, 31.81561662}
M2f^2: {26.69572323}

M3^2: {373.8144582, 373.8144582}
M3f^2: {249.2957916}

C6XDM: {{22.96315743, 22.96315743}, {22.96315743, 22.96315743}}
C6XDMf: {14.23771112}

C8XDM: {{449.7373622, 449.7373622}, {449.7373622, 449.7373622}}
C8XDMf: {284.9093053}

C10XDM: {{11156.01198, 11156.01198}, {11156.01198, 11156.01198}}
C10XDMf: {6208.070889}

EXDMC6: {-0.3587982584}
EXDMC8: {-1.756779544}
EXDMC10: {-10.89448848}

EXDMBJC6: {-0.0003923366227}
EXDMBJC8: {-0.0001981739211}
EXDMBJC10: {-0.0001266702366}

EXDM: {-13.01006628}
EXDMBJ: {-0.0007171807805}




~~~TS (dTS=20, sR=0.62)~~~

C6TS: {{24.97741782, 24.97741782}, {24.97741782, 24.97741782}}
C6TSf: {14.23771112}

ETS: {-0.3902709827}
ETSWY: {-0.00001048404385}




~~~MBD~~~

 alpha: {7.457764226, 7.457764226}
  C6ii: {18.37819113, 18.37819113}
 omega: {0.4405794151, 0.4405794151}
lambda: {0.2901583368, 0.2901583368, 0.2221633317, 0.1660571103, 0.09806210526, 0.09806210526}
Energy: {-0.03050452282}

~~~MBD@rsSCS (drsSCS=6, sR=0.62)~~~

 alpha: {7.506264823, 7.506264823}
  C6ii: {18.47917149, 18.47917149}
 omega: {0.4372939489, 0.4372939489}
lambda: {0.2058670255, 0.1985465116, 0.1985465116, 0.1839054839, 0.1839054839, 0.17658497}
Energy: {-0.0004813067555}




~~~MBDFree1~~~

 alpha: {6.010878807, 6.010878807}
  C6ii: {11.66097444, 11.66097444}
 omega: {0.4303260495, 0.4303260495}
lambda: {0.2682131668, 0.2682131668, 0.2225929768, 0.147768041, 0.102147851, 0.102147851}
Energy: {-0.02537752205}

~~~MBDFree1@rsSCS (drsSCS=6, sR=0.62)~~~

 alpha: {6.03263534, 6.03263534}
  C6ii: {11.67281841, 11.67281841}
 omega: {0.4276616609, 0.4276616609}
lambda: {0.1941485363, 0.1885215162, 0.1885215162, 0.1772674762, 0.1772674762, 0.1716404562}
Energy: {-0.0003038807297}




~~~MBDFree2~~~

 alpha: {6.010878807, 6.010878807}
  C6ii: {20.45701226, 20.45701226}
 omega: {0.7549270702, 0.7549270702}
lambda: {0.8254576902, 0.8254576902, 0.6850561688, 0.4547735938, 0.3143720725, 0.3143720725}
Energy: {-0.04452014558}

~~~MBDFree2@rsSCS (drsSCS=6, sR=0.62)~~~

 alpha: {6.03263534, 6.03263534}
  C6ii: {20.47779031, 20.47779031}
 omega: {0.7502528956, 0.7502528956}
lambda: {0.5975150444, 0.5801972259, 0.5801972259, 0.5455615888, 0.5455615888, 0.5282437703}
Energy: {-0.0005331022587}




~~~MBD@XDM1~~~

 alpha: {7.220559604, 7.220559604}
  C6ii: {17.17842016, 17.17842016}
 omega: {0.4393192593, 0.4393192593}
lambda: {0.2871689677, 0.2871689677, 0.2226701005, 0.1633327226, 0.09883385549, 0.09883385549}
Energy: {-0.02968588801}

~~~MBD@XDM1@rsSCS (drsSCS=6, sR=0.62)~~~

 alpha: {7.264510692, 7.264510692}
  C6ii: {17.26101277, 17.26101277}
 omega: {0.436106215, 0.436106215}
lambda: {0.2042812482, 0.1972349395, 0.1972349395, 0.183142322, 0.183142322, 0.1760960132}
Energy: {-0.0004495394008}




~~~MBD@XDM2~~~

 alpha: {7.457764226, 7.457764226}
  C6ii: {16.89611389, 16.89611389}
 omega: {0.4050496549, 0.4050496549}
lambda: {0.2452467055, 0.2452467055, 0.1877761838, 0.140354262, 0.08288374036, 0.08288374036}
Energy: {-0.02804453866}

~~~MBD@XDM2@rsSCS (drsSCS=6, sR=0.62)~~~

 alpha: {7.506264823, 7.506264823}
  C6ii: {16.98895087, 16.98895087}
 omega: {0.4020291394, 0.4020291394}
lambda: {0.1740022717, 0.1678148503, 0.1678148503, 0.1554400075, 0.1554400075, 0.1492525861}
Energy: {-0.0004424926098}




    ENERGY MATRIX: {Non-Interacting, Electron-Nuclear, Electron-Electron, Nuclear-Nuclear, Total Energy}
Oscillator 1 Energy: {0.6450396869, -0.6411314316, 0.2526703507, 0.249999875, 0.506578481}
Oscillator 2 Energy: {0.6450396869, -0.6411314316, 0.2526703507, 0.249999875, 0.506578481}
Energy Totals: {1.290079374, -1.282262863, 0.5053407015, 0.49999975, 1.013156962}


    COEFFICIENT MATRIX: {c1, c2, c5, c6, c11, c14}
Oscillator 1 Cs: {0.9021464648, 0.3900739424, -0.04390727869, 0.1790145984}
Oscillator 2 Cs: {0.9021464648, 0.3900739424, -0.04390727869, 0.1790145984}


    GENERAL RESULTS: {R, E, r2, r2f, r3, r3f, alpha, alphaf}
Oscillator 1 General Results: {2.000001, 1.013156962, 4.848324784, 4.002178649, 13.0270642, 9.835419146, 9.423828297, 7.11498}
Oscillator 2 General Results: {2.000001, 1.013156962, 4.848324784, 4.002178649, 13.0270642, 9.835419146, 9.423828297, 7.11498}


    XDM RESULTS: {M1^2, M1f^2, M2^2, M2f^2, M3^2, M3f^2, C6XDMii, C6XDMij, C6XDMf, C8XDMii, C8XDMij, C8XDMf, C10XDMii, C10XDMij, C10XDMf, EXDMC6, EXDMC8, EXDMC10, EXDMBJC6, EXDMBJC8, EXDMBJC10, EXDM, EXDMBJ}
Oscillator 1 XDM Results: {4.87342441, 4.002178816, 31.81561662, 26.69572323, 373.8144582, 249.2957916, 22.96315743, {{22.96315743, 22.96315743}, {22.96315743, 22.96315743}}, 14.23771112, 449.7373622, {{449.7373622, 449.7373622}, {449.7373622, 449.7373622}}, 284.9093053, 11156.01198, {{11156.01198, 11156.01198}, {11156.01198, 11156.01198}}, 6208.070889, -0.3587982584, -1.756779544, -10.89448848, -0.0003923366227, -0.0001981739211, -0.0001266702366, -13.01006628, -0.0007171807805}
Oscillator 2 XDM Results: {4.87342441, 4.002178816, 31.81561662, 26.69572323, 373.8144582, 249.2957916, 22.96315743, {{22.96315743, 22.96315743}, {22.96315743, 22.96315743}}, 14.23771112, 449.7373622, {{449.7373622, 449.7373622}, {449.7373622, 449.7373622}}, 284.9093053, 11156.01198, {{11156.01198, 11156.01198}, {11156.01198, 11156.01198}}, 6208.070889, -0.3587982584, -1.756779544, -10.89448848, -0.0003923366227, -0.0001981739211, -0.0001266702366, -13.01006628, -0.0007171807805}


    TS RESULTS: {C6TSii, C6TSij, C6TSf, ETS, ETSWY}
Oscillator 1 TS Results: {24.97741782, {{24.97741782, 24.97741782}, {24.97741782, 24.97741782}}, 14.23771112, -0.3902709827, -0.00001048404385}
Oscillator 2 TS Results: {24.97741782, {{24.97741782, 24.97741782}, {24.97741782, 24.97741782}}, 14.23771112, -0.3902709827, -0.00001048404385}


    MBD RESULTS: {MBD_alpha, MBD_C6, MBD_omega, MBD_Energy, MBDF1_alpha, MBDF1_C6, MBDF1_omega, MBDF1_Energy, MBDF2_alpha, MBDF2_C6, MBDF2_omega, MBDF2_Energy, MBDX1_alpha, MBDX1_C6, MBDX1_omega, MBDX1_Energy, MBDX2_alpha, MBDX2_C6, MBDX2_omega, MBDX2_Energy}
Oscillator 1 MBD Results: {7.457764226, 18.37819113, 0.4405794151, -0.03050452282, 6.010878807, 11.66097444, 0.4303260495, -0.02537752205, 6.010878807, 20.45701226, 0.7549270702, -0.04452014558, 7.220559604, 17.17842016, 0.4393192593, -0.02968588801, 7.457764226, 16.89611389, 0.4050496549, -0.02804453866}
Oscillator 2 MBD Results: {7.457764226, 18.37819113, 0.4405794151, -0.03050452282, 6.010878807, 11.66097444, 0.4303260495, -0.02537752205, 6.010878807, 20.45701226, 0.7549270702, -0.04452014558, 7.220559604, 17.17842016, 0.4393192593, -0.02968588801, 7.457764226, 16.89611389, 0.4050496549, -0.02804453866}


    MBDRSSCS RESULTS: {MBDrsSCS_alpha, MBDrsSCS_C6, MBDrsSCS_omega, MBDrsSCS_Energy, MBDF1rsSCS_alpha, MBDF1rsSCS_C6, MBDF1rsSCS_omega, MBDF1rsSCS_Energy, MBDF2rsSCS_alpha, MBDF2rsSCS_C6, MBDF2rsSCS_omega, MBDF2rsSCS_Energy, MBDX1rsSCS_alpha, MBDX1rsSCS_C6, MBDX1rsSCS_omega, MBDX1rsSCS_Energy, MBDX2rsSCS_alpha, MBDX2rsSCS_C6, MBDX2rsSCS_omega, MBDX2rsSCS_Energy}
Oscillator 1 MBDrsSCS Results: {7.506264823, 18.47917149, 0.4372939489, -0.0004813067555, 6.03263534, 11.67281841, 0.4276616609, -0.0003038807297, 6.03263534, 20.47779031, 0.7502528956, -0.0005331022587, 7.264510692, 17.26101277, 0.436106215, -0.0004495394008, 7.506264823, 16.98895087, 0.4020291394, -0.0004424926098}
Oscillator 2 MBDrsSCS Results: {7.506264823, 18.47917149, 0.4372939489, -0.0004813067555, 6.03263534, 11.67281841, 0.4276616609, -0.0003038807297, 6.03263534, 20.47779031, 0.7502528956, -0.0005331022587, 7.264510692, 17.26101277, 0.436106215, -0.0004495394008, 7.506264823, 16.98895087, 0.4020291394, -0.0004424926098}


         {R, Energy}
SUMMARY: {2.000001, 1.013156962}