Oscillators N=2 2022-12-24  w=0.375000 a=7.11498.nb ( N = 2, M = 4 )
~~~~~~~~~~~~~~~~~~~~~~~~~~~~~~~~~~~~~~
Run Commenced: Mon 26 Dec 2022 23:47:32
Run Completed: Tue 27 Dec 2022 00:04:52
Time Elapsed: 00:17:20

Oscillators Used: 2
Wavefunctions Used: 4
Internuclear Separation: 2.2
omega: 0.375
nu : 0.187398

For display purposes, the threshold of Hamiltonian matrix elements has been set to: 10^-6.


    Hamiltonian Matrix A:    < psi_{i,A} | H_k | psi_{j,A} >
    H_1 = T_kin,    H_2 = V_pot,    H_3 = V_1-B,    H_4 = V_A-B

HijkA: {{{0.28125, 0.28125, -0.4287206549, 0.4545452479}, {0., 0., -0.1659656653, 0.}, {0.2296396634, -0.2296396634, -0.04596854197, 0.}, {0., 0., -0.08590958628, 0.}}, {{0., 0., -0.1659656653, 0.}, {0.46875, 0.46875, -0.4903873568, 0.4545452479}, {0., 0., 0.04795239178, 0.}, {0., 0., -0.203124266, 0.}}, {{0.2296396634, -0.2296396634, -0.04596854197, 0.}, {0., 0., 0.04795239178, 0.}, {0.65625, 0.65625, -0.3418684181, 0.4545452479}, {0., 0., 0.04400210692, 0.}}, {{0., 0., -0.08590958628, 0.}, {0., 0., -0.203124266, 0.}, {0., 0., 0.04400210692, 0.}, {0.65625, 0.65625, -0.4501672855, 0.4545452479}}}
0.28125      0.           0.22964      0.
0.28125      0.           -0.22964     0.
-0.428721    -0.165966    -0.0459685   -0.0859096
0.454545     0.           0.           0.

0.           0.46875      0.           0.
0.           0.46875      0.           0.
-0.165966    -0.490387    0.0479524    -0.203124
0.           0.454545     0.           0.

0.22964      0.           0.65625      0.
-0.22964     0.           0.65625      0.
-0.0459685   0.0479524    -0.341868    0.0440021
0.           0.           0.454545     0.

0.           0.           0.           0.65625
0.           0.           0.           0.65625
-0.0859096   -0.203124    0.0440021    -0.450167
0.           0.           0.           0.454545


    Hamiltonian Matrix B:    < psi_{i,B} | H_k | psi_{j,B} >
    H_1 = T_kin,    H_2 = V_pot,    H_3 = V_2-A,    H_4 = V_B-A 

HijkB: {{{0.28125, 0.28125, -0.4287206549, 0.4545452479}, {0., 0., -0.1659656653, 0.}, {0.2296396634, -0.2296396634, -0.04596854197, 0.}, {0., 0., -0.08590958628, 0.}}, {{0., 0., -0.1659656653, 0.}, {0.46875, 0.46875, -0.4903873568, 0.4545452479}, {0., 0., 0.04795239178, 0.}, {0., 0., -0.203124266, 0.}}, {{0.2296396634, -0.2296396634, -0.04596854197, 0.}, {0., 0., 0.04795239178, 0.}, {0.65625, 0.65625, -0.3418684181, 0.4545452479}, {0., 0., 0.04400210692, 0.}}, {{0., 0., -0.08590958628, 0.}, {0., 0., -0.203124266, 0.}, {0., 0., 0.04400210692, 0.}, {0.65625, 0.65625, -0.4501672855, 0.4545452479}}}
0.28125      0.           0.22964      0.
0.28125      0.           -0.22964     0.
-0.428721    -0.165966    -0.0459685   -0.0859096
0.454545     0.           0.           0.

0.           0.46875      0.           0.
0.           0.46875      0.           0.
-0.165966    -0.490387    0.0479524    -0.203124
0.           0.454545     0.           0.

0.22964      0.           0.65625      0.
-0.22964     0.           0.65625      0.
-0.0459685   0.0479524    -0.341868    0.0440021
0.           0.           0.454545     0.

0.           0.           0.           0.65625
0.           0.           0.           0.65625
-0.0859096   -0.203124    0.0440021    -0.450167
0.           0.           0.           0.454545


    Hamiltonian Matrix AB:    < psi_{i1,A} <psi_{i2,B} | V_e-e | psi_{i3,A} <psi_{i4,B} >

HijkAB: {{{{0.3739265626, 0.09278136355, 0.04017974189, 0.02758726538}, {0.09278136355, -0.00124514974, 0.03862576579, -0.01113547699}, {0.0401659557, 0.03862576579, 0.009777480016, 0.02120756429}, {0.02758726538, -0.01113547699, 0.02120756429, -0.001145840197}}, {{0.09278136355, 0.373408389, -0.03734313472, 0.0960355773}, {-0.00124514974, 0.04865776057, 0.01773261971, -0.01987365149}, {0.03862576579, 0.05673002638, -0.006350160894, 0.04224375496}, {-0.01113547699, 0.009055684381, 0.008645043701, -0.007072266966}}, {{0.04018049201, -0.03734313472, 0.318112096, -0.02380608307}, {0.03862576579, 0.01773261971, 0.05500110107, 0.01654540289}, {0.009777480016, -0.006350160894, 0.02440540746, -0.01204841559}, {0.02120756429, 0.008645043701, 0.0154327359, -0.001736342327}}, {{0.02758726538, 0.0960355773, -0.02380608307, 0.3388857333}, {-0.01113547699, -0.01987365149, 0.01654540289, 0.02308227813}, {0.02120756429, 0.04224375496, -0.01204841559, 0.04558122792}, {-0.001145840197, -0.007072266966, -0.001736342327, 0.007066222331}}}, {{{0.09278136355, -0.00124514974, 0.03862576579, -0.01113547699}, {0.373408389, 0.04865776057, 0.05673002638, 0.009066062417}, {-0.03734313472, 0.01775287684, -0.006350160894, 0.008645043701}, {0.0960355773, -0.01987365149, 0.04224375496, -0.007072266966}}, {{-0.00124514974, 0.04865776057, 0.01773261971, -0.01987365149}, {0.04865776057, 0.3369845462, -0.02384682939, 0.05320381349}, {0.01775287684, -0.02384682939, -0.001899213167, 0.01331108307}, {-0.01987365149, 0.05320381349, 0.01331108307, -0.0237745171}}, {{0.03862576579, 0.01773261971, 0.05500110107, 0.01654540289}, {0.05673002638, -0.02384682939, 0.3158500911, -0.01571217665}, {-0.006350160894, -0.001899213167, -0.02681771631, -0.003890236486}, {0.04224375496, 0.01331108307, 0.06173538436, 0.008457866219}}, {{-0.01113547699, -0.01987365149, 0.01654540289, 0.02308227813}, {0.00906399256, 0.05320381349, -0.01571217665, 0.3103195933}, {0.008645043701, 0.01331108307, -0.003890236486, -0.02439895766}, {-0.007072266966, -0.0237745171, 0.008457866219, 0.03098238522}}}, {{{0.04016381342, 0.03862576579, 0.009777480016, 0.02120756429}, {-0.03734313472, 0.01775287684, -0.006350160894, 0.008645043701}, {0.3181120729, 0.05500110107, 0.02439569454, 0.0154327359}, {-0.02380608307, 0.01654540289, -0.01204841559, -0.001733496709}}, {{0.03862576579, 0.05673002638, -0.006350160894, 0.04224375496}, {0.01775287684, -0.02384682939, -0.001899213167, 0.01331108307}, {0.05500110107, 0.3158500911, -0.02681771631, 0.06173538436}, {0.01654540289, -0.01571217665, -0.003890236486, 0.008457866219}}, {{0.009777480016, -0.006350160894, 0.02440540746, -0.01204841559}, {-0.006350160894, -0.001899213167, -0.02681771631, -0.003890236486}, {0.02439569454, -0.02681771631, 0.2800193209, -0.01078081132}, {-0.01204841559, -0.003890236486, -0.01078081132, 0.003860651999}}, {{0.02120756429, 0.04224375496, -0.01204841559, 0.04558122792}, {0.008645043701, 0.01331108307, -0.003890236486, -0.02439895766}, {0.0154327359, 0.06173538436, -0.01078081132, 0.2957120157}, {-0.001733496709, 0.008457866219, 0.003860651999, -0.01133193542}}}, {{{0.02758726538, -0.01113547699, 0.02120756429, -0.001145840197}, {0.0960355773, -0.01987365149, 0.04224375496, -0.007072266966}, {-0.02380608307, 0.01654540289, -0.01204841559, -0.001733496709}, {0.3388857333, 0.02308261858, 0.04558122792, 0.007066222331}}, {{-0.01113547699, 0.009060938213, 0.008645043701, -0.007072266966}, {-0.01987365149, 0.05320381349, 0.01331108307, -0.0237745171}, {0.01654540289, -0.01571217665, -0.003890236486, 0.008457866219}, {0.02308261858, 0.3103186057, -0.02439932088, 0.03098238522}}, {{0.02120756429, 0.008645043701, 0.0154327359, -0.001736342327}, {0.04224375496, 0.01331108307, 0.06173538436, 0.008457866219}, {-0.01204841559, -0.003890236486, -0.01078081132, 0.003860651999}, {0.04558122792, -0.02439932088, 0.2957120157, -0.01133193542}}, {{-0.001145840197, -0.007072266966, -0.001736342327, 0.007066222331}, {-0.007072266966, -0.0237745171, 0.008457866219, 0.03098238522}, {-0.001733496709, 0.008457866219, 0.003860651999, -0.01133193542}, {0.007066222331, 0.03098238522, -0.01133193542, 0.2846782046}}}}
0.373927    0.0927814   0.0401797   0.0275873     0.0927814   0.373408    -0.0373431  0.0960356     0.0401805   -0.0373431  0.318112    -0.0238061    0.0275873   0.0960356   -0.0238061  0.338886
0.0927814   -0.00124515 0.0386258   -0.0111355    -0.00124515 0.0486578   0.0177326   -0.0198737    0.0386258   0.0177326   0.0550011   0.0165454     -0.0111355  -0.0198737  0.0165454   0.0230823
0.040166    0.0386258   0.00977748  0.0212076     0.0386258   0.05673     -0.00635016 0.0422438     0.00977748  -0.00635016 0.0244054   -0.0120484    0.0212076   0.0422438   -0.0120484  0.0455812
0.0275873   -0.0111355  0.0212076   -0.00114584   -0.0111355  0.00905568  0.00864504  -0.00707227   0.0212076   0.00864504  0.0154327   -0.00173634   -0.00114584 -0.00707227 -0.00173634 0.00706622

0.0927814   -0.00124515 0.0386258   -0.0111355    -0.00124515 0.0486578   0.0177326   -0.0198737    0.0386258   0.0177326   0.0550011   0.0165454     -0.0111355  -0.0198737  0.0165454   0.0230823
0.373408    0.0486578   0.05673     0.00906606    0.0486578   0.336985    -0.0238468  0.0532038     0.05673     -0.0238468  0.31585     -0.0157122    0.00906399  0.0532038   -0.0157122  0.31032
-0.0373431  0.0177529   -0.00635016 0.00864504    0.0177529   -0.0238468  -0.00189921 0.0133111     -0.00635016 -0.00189921 -0.0268177  -0.00389024   0.00864504  0.0133111   -0.00389024 -0.024399
0.0960356   -0.0198737  0.0422438   -0.00707227   -0.0198737  0.0532038   0.0133111   -0.0237745    0.0422438   0.0133111   0.0617354   0.00845787    -0.00707227 -0.0237745  0.00845787  0.0309824

0.0401638   0.0386258   0.00977748  0.0212076     0.0386258   0.05673     -0.00635016 0.0422438     0.00977748  -0.00635016 0.0244054   -0.0120484    0.0212076   0.0422438   -0.0120484  0.0455812
-0.0373431  0.0177529   -0.00635016 0.00864504    0.0177529   -0.0238468  -0.00189921 0.0133111     -0.00635016 -0.00189921 -0.0268177  -0.00389024   0.00864504  0.0133111   -0.00389024 -0.024399
0.318112    0.0550011   0.0243957   0.0154327     0.0550011   0.31585     -0.0268177  0.0617354     0.0243957   -0.0268177  0.280019    -0.0107808    0.0154327   0.0617354   -0.0107808  0.295712
-0.0238061  0.0165454   -0.0120484  -0.0017335    0.0165454   -0.0157122  -0.00389024 0.00845787    -0.0120484  -0.00389024 -0.0107808  0.00386065    -0.0017335  0.00845787  0.00386065  -0.0113319

0.0275873   -0.0111355  0.0212076   -0.00114584   -0.0111355  0.00906094  0.00864504  -0.00707227   0.0212076   0.00864504  0.0154327   -0.00173634   -0.00114584 -0.00707227 -0.00173634 0.00706622
0.0960356   -0.0198737  0.0422438   -0.00707227   -0.0198737  0.0532038   0.0133111   -0.0237745    0.0422438   0.0133111   0.0617354   0.00845787    -0.00707227 -0.0237745  0.00845787  0.0309824
-0.0238061  0.0165454   -0.0120484  -0.0017335    0.0165454   -0.0157122  -0.00389024 0.00845787    -0.0120484  -0.00389024 -0.0107808  0.00386065    -0.0017335  0.00845787  0.00386065  -0.0113319
0.338886    0.0230826   0.0455812   0.00706622    0.0230826   0.310319    -0.0243993  0.0309824     0.0455812   -0.0243993  0.295712    -0.0113319    0.00706622  0.0309824   -0.0113319  0.284678


    Hamiltonian Matrix BA:    < psi_{i1,B} <psi_{i2,A} | V_e-e | psi_{i3,B} <psi_{i4,A} >

HijkBA: {{{{0.3739265626, 0.09278136355, 0.04017974189, 0.02758726538}, {0.09278136355, -0.00124514974, 0.03862576579, -0.01113547699}, {0.0401659557, 0.03862576579, 0.009777480016, 0.02120756429}, {0.02758726538, -0.01113547699, 0.02120756429, -0.001145840197}}, {{0.09278136355, 0.373408389, -0.03734313472, 0.0960355773}, {-0.00124514974, 0.04865776057, 0.01773261971, -0.01987365149}, {0.03862576579, 0.05673002638, -0.006350160894, 0.04224375496}, {-0.01113547699, 0.009055684381, 0.008645043701, -0.007072266966}}, {{0.04018049201, -0.03734313472, 0.318112096, -0.02380608307}, {0.03862576579, 0.01773261971, 0.05500110107, 0.01654540289}, {0.009777480016, -0.006350160894, 0.02440540746, -0.01204841559}, {0.02120756429, 0.008645043701, 0.0154327359, -0.001736342327}}, {{0.02758726538, 0.0960355773, -0.02380608307, 0.3388857333}, {-0.01113547699, -0.01987365149, 0.01654540289, 0.02308227813}, {0.02120756429, 0.04224375496, -0.01204841559, 0.04558122792}, {-0.001145840197, -0.007072266966, -0.001736342327, 0.007066222331}}}, {{{0.09278136355, -0.00124514974, 0.03862576579, -0.01113547699}, {0.373408389, 0.04865776057, 0.05673002638, 0.009066062417}, {-0.03734313472, 0.01775287684, -0.006350160894, 0.008645043701}, {0.0960355773, -0.01987365149, 0.04224375496, -0.007072266966}}, {{-0.00124514974, 0.04865776057, 0.01773261971, -0.01987365149}, {0.04865776057, 0.3369845462, -0.02384682939, 0.05320381349}, {0.01775287684, -0.02384682939, -0.001899213167, 0.01331108307}, {-0.01987365149, 0.05320381349, 0.01331108307, -0.0237745171}}, {{0.03862576579, 0.01773261971, 0.05500110107, 0.01654540289}, {0.05673002638, -0.02384682939, 0.3158500911, -0.01571217665}, {-0.006350160894, -0.001899213167, -0.02681771631, -0.003890236486}, {0.04224375496, 0.01331108307, 0.06173538436, 0.008457866219}}, {{-0.01113547699, -0.01987365149, 0.01654540289, 0.02308227813}, {0.00906399256, 0.05320381349, -0.01571217665, 0.3103195933}, {0.008645043701, 0.01331108307, -0.003890236486, -0.02439895766}, {-0.007072266966, -0.0237745171, 0.008457866219, 0.03098238522}}}, {{{0.04016381342, 0.03862576579, 0.009777480016, 0.02120756429}, {-0.03734313472, 0.01775287684, -0.006350160894, 0.008645043701}, {0.3181120729, 0.05500110107, 0.02439569454, 0.0154327359}, {-0.02380608307, 0.01654540289, -0.01204841559, -0.001733496709}}, {{0.03862576579, 0.05673002638, -0.006350160894, 0.04224375496}, {0.01775287684, -0.02384682939, -0.001899213167, 0.01331108307}, {0.05500110107, 0.3158500911, -0.02681771631, 0.06173538436}, {0.01654540289, -0.01571217665, -0.003890236486, 0.008457866219}}, {{0.009777480016, -0.006350160894, 0.02440540746, -0.01204841559}, {-0.006350160894, -0.001899213167, -0.02681771631, -0.003890236486}, {0.02439569454, -0.02681771631, 0.2800193209, -0.01078081132}, {-0.01204841559, -0.003890236486, -0.01078081132, 0.003860651999}}, {{0.02120756429, 0.04224375496, -0.01204841559, 0.04558122792}, {0.008645043701, 0.01331108307, -0.003890236486, -0.02439895766}, {0.0154327359, 0.06173538436, -0.01078081132, 0.2957120157}, {-0.001733496709, 0.008457866219, 0.003860651999, -0.01133193542}}}, {{{0.02758726538, -0.01113547699, 0.02120756429, -0.001145840197}, {0.0960355773, -0.01987365149, 0.04224375496, -0.007072266966}, {-0.02380608307, 0.01654540289, -0.01204841559, -0.001733496709}, {0.3388857333, 0.02308261858, 0.04558122792, 0.007066222331}}, {{-0.01113547699, 0.009060938213, 0.008645043701, -0.007072266966}, {-0.01987365149, 0.05320381349, 0.01331108307, -0.0237745171}, {0.01654540289, -0.01571217665, -0.003890236486, 0.008457866219}, {0.02308261858, 0.3103186057, -0.02439932088, 0.03098238522}}, {{0.02120756429, 0.008645043701, 0.0154327359, -0.001736342327}, {0.04224375496, 0.01331108307, 0.06173538436, 0.008457866219}, {-0.01204841559, -0.003890236486, -0.01078081132, 0.003860651999}, {0.04558122792, -0.02439932088, 0.2957120157, -0.01133193542}}, {{-0.001145840197, -0.007072266966, -0.001736342327, 0.007066222331}, {-0.007072266966, -0.0237745171, 0.008457866219, 0.03098238522}, {-0.001733496709, 0.008457866219, 0.003860651999, -0.01133193542}, {0.007066222331, 0.03098238522, -0.01133193542, 0.2846782046}}}}
0.373927    0.0927814   0.0401797   0.0275873     0.0927814   0.373408    -0.0373431  0.0960356     0.0401805   -0.0373431  0.318112    -0.0238061    0.0275873   0.0960356   -0.0238061  0.338886
0.0927814   -0.00124515 0.0386258   -0.0111355    -0.00124515 0.0486578   0.0177326   -0.0198737    0.0386258   0.0177326   0.0550011   0.0165454     -0.0111355  -0.0198737  0.0165454   0.0230823
0.040166    0.0386258   0.00977748  0.0212076     0.0386258   0.05673     -0.00635016 0.0422438     0.00977748  -0.00635016 0.0244054   -0.0120484    0.0212076   0.0422438   -0.0120484  0.0455812
0.0275873   -0.0111355  0.0212076   -0.00114584   -0.0111355  0.00905568  0.00864504  -0.00707227   0.0212076   0.00864504  0.0154327   -0.00173634   -0.00114584 -0.00707227 -0.00173634 0.00706622

0.0927814   -0.00124515 0.0386258   -0.0111355    -0.00124515 0.0486578   0.0177326   -0.0198737    0.0386258   0.0177326   0.0550011   0.0165454     -0.0111355  -0.0198737  0.0165454   0.0230823
0.373408    0.0486578   0.05673     0.00906606    0.0486578   0.336985    -0.0238468  0.0532038     0.05673     -0.0238468  0.31585     -0.0157122    0.00906399  0.0532038   -0.0157122  0.31032
-0.0373431  0.0177529   -0.00635016 0.00864504    0.0177529   -0.0238468  -0.00189921 0.0133111     -0.00635016 -0.00189921 -0.0268177  -0.00389024   0.00864504  0.0133111   -0.00389024 -0.024399
0.0960356   -0.0198737  0.0422438   -0.00707227   -0.0198737  0.0532038   0.0133111   -0.0237745    0.0422438   0.0133111   0.0617354   0.00845787    -0.00707227 -0.0237745  0.00845787  0.0309824

0.0401638   0.0386258   0.00977748  0.0212076     0.0386258   0.05673     -0.00635016 0.0422438     0.00977748  -0.00635016 0.0244054   -0.0120484    0.0212076   0.0422438   -0.0120484  0.0455812
-0.0373431  0.0177529   -0.00635016 0.00864504    0.0177529   -0.0238468  -0.00189921 0.0133111     -0.00635016 -0.00189921 -0.0268177  -0.00389024   0.00864504  0.0133111   -0.00389024 -0.024399
0.318112    0.0550011   0.0243957   0.0154327     0.0550011   0.31585     -0.0268177  0.0617354     0.0243957   -0.0268177  0.280019    -0.0107808    0.0154327   0.0617354   -0.0107808  0.295712
-0.0238061  0.0165454   -0.0120484  -0.0017335    0.0165454   -0.0157122  -0.00389024 0.00845787    -0.0120484  -0.00389024 -0.0107808  0.00386065    -0.0017335  0.00845787  0.00386065  -0.0113319

0.0275873   -0.0111355  0.0212076   -0.00114584   -0.0111355  0.00906094  0.00864504  -0.00707227   0.0212076   0.00864504  0.0154327   -0.00173634   -0.00114584 -0.00707227 -0.00173634 0.00706622
0.0960356   -0.0198737  0.0422438   -0.00707227   -0.0198737  0.0532038   0.0133111   -0.0237745    0.0422438   0.0133111   0.0617354   0.00845787    -0.00707227 -0.0237745  0.00845787  0.0309824
-0.0238061  0.0165454   -0.0120484  -0.0017335    0.0165454   -0.0157122  -0.00389024 0.00845787    -0.0120484  -0.00389024 -0.0107808  0.00386065    -0.0017335  0.00845787  0.00386065  -0.0113319
0.338886    0.0230826   0.0455812   0.00706622    0.0230826   0.310319    -0.0243993  0.0309824     0.0455812   -0.0243993  0.295712    -0.0113319    0.00706622  0.0309824   -0.0113319  0.284678


Energy:  {1.028238093}


Coefficients: {{0.92012029, 0.3479167785, -0.05688665387, 0.1705768912}, {0.92012029, 0.3479167785, -0.05688665387, 0.1705768912}}


r2: {4.839764719, 4.839764719}
r2f: {4.002178649}


r3: {12.9961406, 12.9961406}
r3f: {9.835419146}


alpha: {9.401458046, 9.401458046}
alphaf: {7.11498}




~~~XDM (a1=0.65, a2=3.17474)~~~

M1^2: {4.696453798, 4.696453798}
M1f^2: {4.002178816}

M2^2: {31.50908777, 31.50908777}
M2f^2: {26.69572323}

M3^2: {356.7507541, 356.7507541}
M3f^2: {249.2957916}

C6XDM: {{22.07675668, 22.07675668}, {22.07675668, 22.07675668}}
C6XDMf: {14.23771112}

C8XDM: {{444.3470501, 444.3470501}, {444.3470501, 444.3470501}}
C8XDMf: {284.9093053}

C10XDM: {{10881.60532, 10881.60532}, {10881.60532, 10881.60532}}
C10XDMf: {6208.070889}

EXDMC6: {-0.194714369}
EXDMC8: {-0.8097282206}
EXDMC10: {-4.096983243}

EXDMBJC6: {-0.0003732871478}
EXDMBJC8: {-0.0001932888589}
EXDMBJC10: {-0.0001215948927}

EXDM: {-5.101425833}
EXDMBJ: {-0.0006881708994}




~~~TS (dTS=20, sR=0.62)~~~

C6TS: {{24.85897596, 24.85897596}, {24.85897596, 24.85897596}}
C6TSf: {14.23771112}

ETS: {-0.2192532123}
ETSWY: {-0.00001531734293}




~~~MBD~~~

 alpha: {7.955933063, 7.955933063}
  C6ii: {20.41362636, 20.41362636}
 omega: {0.4300081202, 0.4300081202}
lambda: {0.2675931363, 0.2675931363, 0.2225153522, 0.1472986146, 0.1022208306, 0.1022208306}
Energy: {-0.02525521026}

~~~MBD@rsSCS (drsSCS=6, sR=0.62)~~~

 alpha: {7.993386799, 7.993386799}
  C6ii: {20.44040484, 20.44040484}
 omega: {0.4265466857, 0.4265466857}
lambda: {0.1965898011, 0.1892659381, 0.1892659381, 0.1746182121, 0.1746182121, 0.1672943491}
Energy: {-0.0005191624451}




~~~MBDFree1~~~

 alpha: {6.409697268, 6.409697268}
  C6ii: {12.83016496, 12.83016496}
 omega: {0.4163858289, 0.4163858289}
lambda: {0.2427712242, 0.2427712242, 0.2167472518, 0.1300070651, 0.1039830928, 0.1039830928}
Energy: {-0.02091211799}

~~~MBDFree1@rsSCS (drsSCS=6, sR=0.62)~~~

 alpha: {6.415454064, 6.415454064}
  C6ii: {12.78176533, 12.78176533}
 omega: {0.4140709635, 0.4140709635}
lambda: {0.1825333196, 0.1769940412, 0.1769940412, 0.1659154844, 0.1659154844, 0.160376206}
Energy: {-0.0003244658096}




~~~MBDFree2~~~

 alpha: {6.409697268, 6.409697268}
  C6ii: {22.40140705, 22.40140705}
 omega: {0.7270076787, 0.7270076787}
lambda: {0.740087933, 0.740087933, 0.6607538688, 0.396326461, 0.3169923968, 0.3169923968}
Energy: {-0.03651245864}

~~~MBDFree2@rsSCS (drsSCS=6, sR=0.62)~~~

 alpha: {6.415454064, 6.415454064}
  C6ii: {22.31690153, 22.31690153}
 omega: {0.7229659348, 0.7229659348}
lambda: {0.5564527166, 0.5395662297, 0.5395662297, 0.5057932559, 0.5057932559, 0.488906769}
Energy: {-0.0005665157618}




~~~MBD@XDM1~~~

 alpha: {7.600879081, 7.600879081}
  C6ii: {18.51611347, 18.51611347}
 omega: {0.4273275797, 0.4273275797}
lambda: {0.2624580486, 0.2624580486, 0.2217285862, 0.1434891345, 0.1027596721, 0.1027596721}
Energy: {-0.0242745245}

~~~MBD@XDM1@rsSCS (drsSCS=6, sR=0.62)~~~

 alpha: {7.630406029, 7.630406029}
  C6ii: {18.51880898, 18.51880898}
 omega: {0.4240884964, 0.4240884964}
lambda: {0.1936729248, 0.1867619888, 0.1867619888, 0.1729401168, 0.1729401168, 0.1660291808}
Energy: {-0.000470292449}




~~~MBD@XDM2~~~

 alpha: {7.955933063, 7.955933063}
  C6ii: {18.12893108, 18.12893108}
 omega: {0.3818815648, 0.3818815648}
lambda: {0.2110469319, 0.2110469319, 0.1754947195, 0.1161723396, 0.08062012718, 0.08062012718}
Energy: {-0.0224286444}

~~~MBD@XDM2@rsSCS (drsSCS=6, sR=0.62)~~~

 alpha: {7.993386799, 7.993386799}
  C6ii: {18.15271251, 18.15271251}
 omega: {0.3788075345, 0.3788075345}
lambda: {0.155047603, 0.1492713756, 0.1492713756, 0.1377189207, 0.1377189207, 0.1319426933}
Energy: {-0.000461057728}




    ENERGY MATRIX: {Non-Interacting, Electron-Nuclear, Electron-Electron, Nuclear-Nuclear, Total Energy}
Oscillator 1 Energy: {0.6321417072, -0.5918042899, 0.246509005, 0.227272624, 0.5141190463}
Oscillator 2 Energy: {0.6321417072, -0.5918042899, 0.246509005, 0.227272624, 0.5141190463}
Energy Totals: {1.264283414, -1.18360858, 0.4930180101, 0.4545452479, 1.028238093}


    COEFFICIENT MATRIX: {c1, c2, c5, c6, c11, c14}
Oscillator 1 Cs: {0.92012029, 0.3479167785, -0.05688665387, 0.1705768912}
Oscillator 2 Cs: {0.92012029, 0.3479167785, -0.05688665387, 0.1705768912}


    GENERAL RESULTS: {R, E, r2, r2f, r3, r3f, alpha, alphaf}
Oscillator 1 General Results: {2.200001, 1.028238093, 4.839764719, 4.002178649, 12.9961406, 9.835419146, 9.401458046, 7.11498}
Oscillator 2 General Results: {2.200001, 1.028238093, 4.839764719, 4.002178649, 12.9961406, 9.835419146, 9.401458046, 7.11498}


    XDM RESULTS: {M1^2, M1f^2, M2^2, M2f^2, M3^2, M3f^2, C6XDMii, C6XDMij, C6XDMf, C8XDMii, C8XDMij, C8XDMf, C10XDMii, C10XDMij, C10XDMf, EXDMC6, EXDMC8, EXDMC10, EXDMBJC6, EXDMBJC8, EXDMBJC10, EXDM, EXDMBJ}
Oscillator 1 XDM Results: {4.696453798, 4.002178816, 31.50908777, 26.69572323, 356.7507541, 249.2957916, 22.07675668, {{22.07675668, 22.07675668}, {22.07675668, 22.07675668}}, 14.23771112, 444.3470501, {{444.3470501, 444.3470501}, {444.3470501, 444.3470501}}, 284.9093053, 10881.60532, {{10881.60532, 10881.60532}, {10881.60532, 10881.60532}}, 6208.070889, -0.194714369, -0.8097282206, -4.096983243, -0.0003732871478, -0.0001932888589, -0.0001215948927, -5.101425833, -0.0006881708994}
Oscillator 2 XDM Results: {4.696453798, 4.002178816, 31.50908777, 26.69572323, 356.7507541, 249.2957916, 22.07675668, {{22.07675668, 22.07675668}, {22.07675668, 22.07675668}}, 14.23771112, 444.3470501, {{444.3470501, 444.3470501}, {444.3470501, 444.3470501}}, 284.9093053, 10881.60532, {{10881.60532, 10881.60532}, {10881.60532, 10881.60532}}, 6208.070889, -0.194714369, -0.8097282206, -4.096983243, -0.0003732871478, -0.0001932888589, -0.0001215948927, -5.101425833, -0.0006881708994}


    TS RESULTS: {C6TSii, C6TSij, C6TSf, ETS, ETSWY}
Oscillator 1 TS Results: {24.85897596, {{24.85897596, 24.85897596}, {24.85897596, 24.85897596}}, 14.23771112, -0.2192532123, -0.00001531734293}
Oscillator 2 TS Results: {24.85897596, {{24.85897596, 24.85897596}, {24.85897596, 24.85897596}}, 14.23771112, -0.2192532123, -0.00001531734293}


    MBD RESULTS: {MBD_alpha, MBD_C6, MBD_omega, MBD_Energy, MBDF1_alpha, MBDF1_C6, MBDF1_omega, MBDF1_Energy, MBDF2_alpha, MBDF2_C6, MBDF2_omega, MBDF2_Energy, MBDX1_alpha, MBDX1_C6, MBDX1_omega, MBDX1_Energy, MBDX2_alpha, MBDX2_C6, MBDX2_omega, MBDX2_Energy}
Oscillator 1 MBD Results: {7.955933063, 20.41362636, 0.4300081202, -0.02525521026, 6.409697268, 12.83016496, 0.4163858289, -0.02091211799, 6.409697268, 22.40140705, 0.7270076787, -0.03651245864, 7.600879081, 18.51611347, 0.4273275797, -0.0242745245, 7.955933063, 18.12893108, 0.3818815648, -0.0224286444}
Oscillator 2 MBD Results: {7.955933063, 20.41362636, 0.4300081202, -0.02525521026, 6.409697268, 12.83016496, 0.4163858289, -0.02091211799, 6.409697268, 22.40140705, 0.7270076787, -0.03651245864, 7.600879081, 18.51611347, 0.4273275797, -0.0242745245, 7.955933063, 18.12893108, 0.3818815648, -0.0224286444}


    MBDRSSCS RESULTS: {MBDrsSCS_alpha, MBDrsSCS_C6, MBDrsSCS_omega, MBDrsSCS_Energy, MBDF1rsSCS_alpha, MBDF1rsSCS_C6, MBDF1rsSCS_omega, MBDF1rsSCS_Energy, MBDF2rsSCS_alpha, MBDF2rsSCS_C6, MBDF2rsSCS_omega, MBDF2rsSCS_Energy, MBDX1rsSCS_alpha, MBDX1rsSCS_C6, MBDX1rsSCS_omega, MBDX1rsSCS_Energy, MBDX2rsSCS_alpha, MBDX2rsSCS_C6, MBDX2rsSCS_omega, MBDX2rsSCS_Energy}
Oscillator 1 MBDrsSCS Results: {7.993386799, 20.44040484, 0.4265466857, -0.0005191624451, 6.415454064, 12.78176533, 0.4140709635, -0.0003244658096, 6.415454064, 22.31690153, 0.7229659348, -0.0005665157618, 7.630406029, 18.51880898, 0.4240884964, -0.000470292449, 7.993386799, 18.15271251, 0.3788075345, -0.000461057728}
Oscillator 2 MBDrsSCS Results: {7.993386799, 20.44040484, 0.4265466857, -0.0005191624451, 6.415454064, 12.78176533, 0.4140709635, -0.0003244658096, 6.415454064, 22.31690153, 0.7229659348, -0.0005665157618, 7.630406029, 18.51880898, 0.4240884964, -0.000470292449, 7.993386799, 18.15271251, 0.3788075345, -0.000461057728}


         {R, Energy}
SUMMARY: {2.200001, 1.028238093}