Oscillators N=2 2022-12-24 w=0.471533 a=4.50000.nb ( N = 2, M = 4 )
~~~~~~~~~~~~~~~~~~~~~~~~~~~~~~~~~~~~~~
Run Commenced: Sat 31 Dec 2022 15:45:04
Run Completed: Sat 31 Dec 2022 16:00:29
Time Elapsed: 00:15:24

Oscillators Used: 2
Wavefunctions Used: 4
Internuclear Separation: 0.8
omega: 0.472
nu : 0.235638

For display purposes, the threshold of Hamiltonian matrix elements has been set to: 10^-6.


    Hamiltonian Matrix A:    < psi_{i,A} | H_k | psi_{j,A} >
    H_1 = T_kin,    H_2 = V_pot,    H_3 = V_1-B,    H_4 = V_A-B

HijkA: {{{0.35364975, 0.35364975, -0.7033160098, 1.249998438}, {0., 0., -0.1678751613, 0.}, {0.2887538117, -0.2887538117, -0.2338979295, 0.}, {0., 0., -0.04359070144, 0.}}, {{0., 0., -0.1678751613, 0.}, {0.58941625, 0.58941625, -0.5626735681, 1.249998438}, {0., 0., -0.04459485343, 0.}, {0., 0., -0.1053060851, 0.}}, {{0.2887538117, -0.2887538117, -0.2338979295, 0.}, {0., 0., -0.04459485343, 0.}, {0.82518275, 0.82518275, -0.5502258564, 1.249998438}, {0., 0., -0.01027818662, 0.}}, {{0., 0., -0.04359070144, 0.}, {0., 0., -0.1053060851, 0.}, {0., 0., -0.01027818662, 0.}, {0.82518275, 0.82518275, -0.4345260688, 1.249998438}}}
0.35365      0.           0.288754     0.
0.35365      0.           -0.288754    0.
-0.703316    -0.167875    -0.233898    -0.0435907
1.25         0.           0.           0.

0.           0.589416     0.           0.
0.           0.589416     0.           0.
-0.167875    -0.562674    -0.0445949   -0.105306
0.           1.25         0.           0.

0.288754     0.           0.825183     0.
-0.288754    0.           0.825183     0.
-0.233898    -0.0445949   -0.550226    -0.0102782
0.           0.           1.25         0.

0.           0.           0.           0.825183
0.           0.           0.           0.825183
-0.0435907   -0.105306    -0.0102782   -0.434526
0.           0.           0.           1.25


    Hamiltonian Matrix B:    < psi_{i,B} | H_k | psi_{j,B} >
    H_1 = T_kin,    H_2 = V_pot,    H_3 = V_2-A,    H_4 = V_B-A 

HijkB: {{{0.35364975, 0.35364975, -0.7033160098, 1.249998438}, {0., 0., -0.1678751613, 0.}, {0.2887538117, -0.2887538117, -0.2338979295, 0.}, {0., 0., -0.04359070144, 0.}}, {{0., 0., -0.1678751613, 0.}, {0.58941625, 0.58941625, -0.5626735681, 1.249998438}, {0., 0., -0.04459485343, 0.}, {0., 0., -0.1053060851, 0.}}, {{0.2887538117, -0.2887538117, -0.2338979295, 0.}, {0., 0., -0.04459485343, 0.}, {0.82518275, 0.82518275, -0.5502258564, 1.249998438}, {0., 0., -0.01027818662, 0.}}, {{0., 0., -0.04359070144, 0.}, {0., 0., -0.1053060851, 0.}, {0., 0., -0.01027818662, 0.}, {0.82518275, 0.82518275, -0.4345260688, 1.249998438}}}
0.35365      0.           0.288754     0.
0.35365      0.           -0.288754    0.
-0.703316    -0.167875    -0.233898    -0.0435907
1.25         0.           0.           0.

0.           0.589416     0.           0.
0.           0.589416     0.           0.
-0.167875    -0.562674    -0.0445949   -0.105306
0.           1.25         0.           0.

0.288754     0.           0.825183     0.
-0.288754    0.           0.825183     0.
-0.233898    -0.0445949   -0.550226    -0.0102782
0.           0.           1.25         0.

0.           0.           0.           0.825183
0.           0.           0.           0.825183
-0.0435907   -0.105306    -0.0102782   -0.434526
0.           0.           0.           1.25


    Hamiltonian Matrix AB:    < psi_{i1,A} <psi_{i2,B} | V_e-e | psi_{i3,A} <psi_{i4,B} >

HijkAB: {{{{0.5219809952, 0.06452631062, 0.09616116492, 0.008816680255}, {0.06452631062, -0.0686720844, 0.03750781573, -0.01994423306}, {0.096201786, 0.03750781573, 0.0534817606, 0.00853583604}, {0.008816680255, -0.01994423306, 0.00853583604, 0.01843567038}}, {{0.06452631062, 0.4538326672, -0.01517718702, 0.05524606097}, {-0.0686720844, 0.01143531398, 0.02279851198, -0.06540502344}, {0.03750781573, 0.06215970559, 0.005618301141, 0.02503511956}, {-0.01994423306, 0.02278621669, -0.002395999436, -0.002077288755}}, {{0.09616116492, -0.01517718702, 0.418167088, -0.005475563391}, {0.03750781573, 0.02279851198, 0.04004873943, 0.01398058184}, {0.0534817606, 0.005618301141, 0.0580820466, -0.001980745619}, {0.00853583604, -0.002395999436, 0.006513788543, -0.01459347542}}, {{0.008816680255, 0.05524606097, -0.005475563391, 0.3926087352}, {-0.01994423306, -0.06540502344, 0.01398058184, 0.001738748036}, {0.00853583604, 0.02503511956, -0.001980745619, 0.03439077225}, {0.01843567038, -0.002077288755, -0.01459347542, 0.01716023532}}}, {{{0.06452631062, -0.0686720844, 0.03750781573, -0.01994423306}, {0.4538326672, 0.01143531398, 0.06215970559, 0.02279963634}, {-0.01517718702, 0.02280537403, 0.005618301141, -0.002395999436}, {0.05524606097, -0.06540502344, 0.02503511956, -0.002077288755}}, {{-0.0686720844, 0.01143531398, 0.02279852919, -0.06540502344}, {0.01143531398, 0.4275770287, -0.02252840271, 0.03259813843}, {0.02280535682, -0.02252840271, -0.01744008838, 0.0227960605}, {-0.06540502344, 0.03259813843, 0.0227960605, -0.07026162082}}, {{0.03750781573, 0.02279851198, 0.04004873943, 0.01398058184}, {0.06215970559, -0.02252840271, 0.3780241644, -0.02055280375}, {0.005618301141, -0.01744008838, -0.005081781832, -0.005159196818}, {0.02503511956, 0.0227960605, 0.0325279907, 0.00919540005}}, {{-0.01994423306, -0.06540502344, 0.01398058184, 0.001738748036}, {0.02279963634, 0.03259813843, -0.02055280375, 0.3850486219}, {-0.002395999436, 0.0227960605, -0.005159196818, -0.01692253154}, {-0.002077288755, -0.07026162082, 0.00919540005, 0.009283138503}}}, {{{0.096201786, 0.03750781573, 0.0534817606, 0.00853583604}, {-0.01517718702, 0.02280537403, 0.005618301141, -0.002395999436}, {0.4181954961, 0.04004873943, 0.0581642888, 0.006513788543}, {-0.005475563391, 0.01398058184, -0.001981044139, -0.01460379844}}, {{0.03750781573, 0.06215970559, 0.005618301141, 0.02503511956}, {0.02280537403, -0.02252840271, -0.01744008838, 0.0227960605}, {0.04004873943, 0.3780241644, -0.005081781832, 0.0325279907}, {0.01398058184, -0.02055281381, -0.005159190057, 0.00919540005}}, {{0.0534817606, 0.005618301141, 0.0580820466, -0.001980745619}, {0.005618301141, -0.01744008838, -0.005081781832, -0.005159196818}, {0.0581642888, -0.005081781832, 0.3589628612, -0.0005405082305}, {-0.001981044139, -0.005159190057, -0.0005405082305, 0.01628354427}}, {{0.00853583604, 0.02503511956, -0.001980745619, 0.03439077225}, {-0.002395999436, 0.0227960605, -0.005159196818, -0.01692253154}, {0.006513788543, 0.0325279907, -0.0005405082305, 0.3415053689}, {-0.01460379844, 0.00919540005, 0.01628354427, -0.01467599488}}}, {{{0.008816680255, -0.01994423306, 0.00853583604, 0.01843567038}, {0.05524606097, -0.06540502344, 0.02503511956, -0.002077288755}, {-0.005475563391, 0.01398058184, -0.001981044139, -0.01460379844}, {0.3926087352, 0.001738748036, 0.03439126334, 0.01716023532}}, {{-0.01994423306, 0.02278621669, -0.002395999436, -0.002077288755}, {-0.06540502344, 0.03259813843, 0.0227960605, -0.07026162082}, {0.01398058184, -0.02055281381, -0.005159190057, 0.00919540005}, {0.001738748036, 0.385047821, -0.0169218441, 0.009283138503}}, {{0.00853583604, -0.002395999436, 0.006513788543, -0.01459347542}, {0.02503511956, 0.0227960605, 0.0325279907, 0.00919540005}, {-0.001981044139, -0.005159190057, -0.0005405082305, 0.01628354427}, {0.03439126334, -0.0169218441, 0.3415048133, -0.01467599488}}, {{0.01843567038, -0.002077288755, -0.01459347542, 0.01716023532}, {-0.002077288755, -0.07026162082, 0.00919540005, 0.009283138503}, {-0.01460379844, 0.00919540005, 0.01628354427, -0.01467599488}, {0.01716023532, 0.009283138503, -0.01467599488, 0.3604243457}}}}
0.521981     0.0645263    0.0961612    0.00881668     0.0645263    0.453833     -0.0151772   0.0552461      0.0961612    -0.0151772   0.418167     -0.00547556    0.00881668   0.0552461    -0.00547556  0.392609
0.0645263    -0.0686721   0.0375078    -0.0199442     -0.0686721   0.0114353    0.0227985    -0.065405      0.0375078    0.0227985    0.0400487    0.0139806      -0.0199442   -0.065405    0.0139806    0.00173875
0.0962018    0.0375078    0.0534818    0.00853584     0.0375078    0.0621597    0.0056183    0.0250351      0.0534818    0.0056183    0.058082     -0.00198075    0.00853584   0.0250351    -0.00198075  0.0343908
0.00881668   -0.0199442   0.00853584   0.0184357      -0.0199442   0.0227862    -0.002396    -0.00207729    0.00853584   -0.002396    0.00651379   -0.0145935     0.0184357    -0.00207729  -0.0145935   0.0171602

0.0645263    -0.0686721   0.0375078    -0.0199442     -0.0686721   0.0114353    0.0227985    -0.065405      0.0375078    0.0227985    0.0400487    0.0139806      -0.0199442   -0.065405    0.0139806    0.00173875
0.453833     0.0114353    0.0621597    0.0227996      0.0114353    0.427577     -0.0225284   0.0325981      0.0621597    -0.0225284   0.378024     -0.0205528     0.0227996    0.0325981    -0.0205528   0.385049
-0.0151772   0.0228054    0.0056183    -0.002396      0.0228054    -0.0225284   -0.0174401   0.0227961      0.0056183    -0.0174401   -0.00508178  -0.0051592     -0.002396    0.0227961    -0.0051592   -0.0169225
0.0552461    -0.065405    0.0250351    -0.00207729    -0.065405    0.0325981    0.0227961    -0.0702616     0.0250351    0.0227961    0.032528     0.0091954      -0.00207729  -0.0702616   0.0091954    0.00928314

0.0962018    0.0375078    0.0534818    0.00853584     0.0375078    0.0621597    0.0056183    0.0250351      0.0534818    0.0056183    0.058082     -0.00198075    0.00853584   0.0250351    -0.00198075  0.0343908
-0.0151772   0.0228054    0.0056183    -0.002396      0.0228054    -0.0225284   -0.0174401   0.0227961      0.0056183    -0.0174401   -0.00508178  -0.0051592     -0.002396    0.0227961    -0.0051592   -0.0169225
0.418195     0.0400487    0.0581643    0.00651379     0.0400487    0.378024     -0.00508178  0.032528       0.0581643    -0.00508178  0.358963     -0.000540508   0.00651379   0.032528     -0.000540508 0.341505
-0.00547556  0.0139806    -0.00198104  -0.0146038     0.0139806    -0.0205528   -0.00515919  0.0091954      -0.00198104  -0.00515919  -0.000540508 0.0162835      -0.0146038   0.0091954    0.0162835    -0.014676

0.00881668   -0.0199442   0.00853584   0.0184357      -0.0199442   0.0227862    -0.002396    -0.00207729    0.00853584   -0.002396    0.00651379   -0.0145935     0.0184357    -0.00207729  -0.0145935   0.0171602
0.0552461    -0.065405    0.0250351    -0.00207729    -0.065405    0.0325981    0.0227961    -0.0702616     0.0250351    0.0227961    0.032528     0.0091954      -0.00207729  -0.0702616   0.0091954    0.00928314
-0.00547556  0.0139806    -0.00198104  -0.0146038     0.0139806    -0.0205528   -0.00515919  0.0091954      -0.00198104  -0.00515919  -0.000540508 0.0162835      -0.0146038   0.0091954    0.0162835    -0.014676
0.392609     0.00173875   0.0343913    0.0171602      0.00173875   0.385048     -0.0169218   0.00928314     0.0343913    -0.0169218   0.341505     -0.014676      0.0171602    0.00928314   -0.014676    0.360424


    Hamiltonian Matrix BA:    < psi_{i1,B} <psi_{i2,A} | V_e-e | psi_{i3,B} <psi_{i4,A} >

HijkBA: {{{{0.5219809952, 0.06452631062, 0.09616116492, 0.008816680255}, {0.06452631062, -0.0686720844, 0.03750781573, -0.01994423306}, {0.096201786, 0.03750781573, 0.0534817606, 0.00853583604}, {0.008816680255, -0.01994423306, 0.00853583604, 0.01843567038}}, {{0.06452631062, 0.4538326672, -0.01517718702, 0.05524606097}, {-0.0686720844, 0.01143531398, 0.02279851198, -0.06540502344}, {0.03750781573, 0.06215970559, 0.005618301141, 0.02503511956}, {-0.01994423306, 0.02278621669, -0.002395999436, -0.002077288755}}, {{0.09616116492, -0.01517718702, 0.418167088, -0.005475563391}, {0.03750781573, 0.02279851198, 0.04004873943, 0.01398058184}, {0.0534817606, 0.005618301141, 0.0580820466, -0.001980745619}, {0.00853583604, -0.002395999436, 0.006513788543, -0.01459347542}}, {{0.008816680255, 0.05524606097, -0.005475563391, 0.3926087352}, {-0.01994423306, -0.06540502344, 0.01398058184, 0.001738748036}, {0.00853583604, 0.02503511956, -0.001980745619, 0.03439077225}, {0.01843567038, -0.002077288755, -0.01459347542, 0.01716023532}}}, {{{0.06452631062, -0.0686720844, 0.03750781573, -0.01994423306}, {0.4538326672, 0.01143531398, 0.06215970559, 0.02279963634}, {-0.01517718702, 0.02280537403, 0.005618301141, -0.002395999436}, {0.05524606097, -0.06540502344, 0.02503511956, -0.002077288755}}, {{-0.0686720844, 0.01143531398, 0.02279852919, -0.06540502344}, {0.01143531398, 0.4275770287, -0.02252840271, 0.03259813843}, {0.02280535682, -0.02252840271, -0.01744008838, 0.0227960605}, {-0.06540502344, 0.03259813843, 0.0227960605, -0.07026162082}}, {{0.03750781573, 0.02279851198, 0.04004873943, 0.01398058184}, {0.06215970559, -0.02252840271, 0.3780241644, -0.02055280375}, {0.005618301141, -0.01744008838, -0.005081781832, -0.005159196818}, {0.02503511956, 0.0227960605, 0.0325279907, 0.00919540005}}, {{-0.01994423306, -0.06540502344, 0.01398058184, 0.001738748036}, {0.02279963634, 0.03259813843, -0.02055280375, 0.3850486219}, {-0.002395999436, 0.0227960605, -0.005159196818, -0.01692253154}, {-0.002077288755, -0.07026162082, 0.00919540005, 0.009283138503}}}, {{{0.096201786, 0.03750781573, 0.0534817606, 0.00853583604}, {-0.01517718702, 0.02280537403, 0.005618301141, -0.002395999436}, {0.4181954961, 0.04004873943, 0.0581642888, 0.006513788543}, {-0.005475563391, 0.01398058184, -0.001981044139, -0.01460379844}}, {{0.03750781573, 0.06215970559, 0.005618301141, 0.02503511956}, {0.02280537403, -0.02252840271, -0.01744008838, 0.0227960605}, {0.04004873943, 0.3780241644, -0.005081781832, 0.0325279907}, {0.01398058184, -0.02055281381, -0.005159190057, 0.00919540005}}, {{0.0534817606, 0.005618301141, 0.0580820466, -0.001980745619}, {0.005618301141, -0.01744008838, -0.005081781832, -0.005159196818}, {0.0581642888, -0.005081781832, 0.3589628612, -0.0005405082305}, {-0.001981044139, -0.005159190057, -0.0005405082305, 0.01628354427}}, {{0.00853583604, 0.02503511956, -0.001980745619, 0.03439077225}, {-0.002395999436, 0.0227960605, -0.005159196818, -0.01692253154}, {0.006513788543, 0.0325279907, -0.0005405082305, 0.3415053689}, {-0.01460379844, 0.00919540005, 0.01628354427, -0.01467599488}}}, {{{0.008816680255, -0.01994423306, 0.00853583604, 0.01843567038}, {0.05524606097, -0.06540502344, 0.02503511956, -0.002077288755}, {-0.005475563391, 0.01398058184, -0.001981044139, -0.01460379844}, {0.3926087352, 0.001738748036, 0.03439126334, 0.01716023532}}, {{-0.01994423306, 0.02278621669, -0.002395999436, -0.002077288755}, {-0.06540502344, 0.03259813843, 0.0227960605, -0.07026162082}, {0.01398058184, -0.02055281381, -0.005159190057, 0.00919540005}, {0.001738748036, 0.385047821, -0.0169218441, 0.009283138503}}, {{0.00853583604, -0.002395999436, 0.006513788543, -0.01459347542}, {0.02503511956, 0.0227960605, 0.0325279907, 0.00919540005}, {-0.001981044139, -0.005159190057, -0.0005405082305, 0.01628354427}, {0.03439126334, -0.0169218441, 0.3415048133, -0.01467599488}}, {{0.01843567038, -0.002077288755, -0.01459347542, 0.01716023532}, {-0.002077288755, -0.07026162082, 0.00919540005, 0.009283138503}, {-0.01460379844, 0.00919540005, 0.01628354427, -0.01467599488}, {0.01716023532, 0.009283138503, -0.01467599488, 0.3604243457}}}}
0.521981     0.0645263    0.0961612    0.00881668     0.0645263    0.453833     -0.0151772   0.0552461      0.0961612    -0.0151772   0.418167     -0.00547556    0.00881668   0.0552461    -0.00547556  0.392609
0.0645263    -0.0686721   0.0375078    -0.0199442     -0.0686721   0.0114353    0.0227985    -0.065405      0.0375078    0.0227985    0.0400487    0.0139806      -0.0199442   -0.065405    0.0139806    0.00173875
0.0962018    0.0375078    0.0534818    0.00853584     0.0375078    0.0621597    0.0056183    0.0250351      0.0534818    0.0056183    0.058082     -0.00198075    0.00853584   0.0250351    -0.00198075  0.0343908
0.00881668   -0.0199442   0.00853584   0.0184357      -0.0199442   0.0227862    -0.002396    -0.00207729    0.00853584   -0.002396    0.00651379   -0.0145935     0.0184357    -0.00207729  -0.0145935   0.0171602

0.0645263    -0.0686721   0.0375078    -0.0199442     -0.0686721   0.0114353    0.0227985    -0.065405      0.0375078    0.0227985    0.0400487    0.0139806      -0.0199442   -0.065405    0.0139806    0.00173875
0.453833     0.0114353    0.0621597    0.0227996      0.0114353    0.427577     -0.0225284   0.0325981      0.0621597    -0.0225284   0.378024     -0.0205528     0.0227996    0.0325981    -0.0205528   0.385049
-0.0151772   0.0228054    0.0056183    -0.002396      0.0228054    -0.0225284   -0.0174401   0.0227961      0.0056183    -0.0174401   -0.00508178  -0.0051592     -0.002396    0.0227961    -0.0051592   -0.0169225
0.0552461    -0.065405    0.0250351    -0.00207729    -0.065405    0.0325981    0.0227961    -0.0702616     0.0250351    0.0227961    0.032528     0.0091954      -0.00207729  -0.0702616   0.0091954    0.00928314

0.0962018    0.0375078    0.0534818    0.00853584     0.0375078    0.0621597    0.0056183    0.0250351      0.0534818    0.0056183    0.058082     -0.00198075    0.00853584   0.0250351    -0.00198075  0.0343908
-0.0151772   0.0228054    0.0056183    -0.002396      0.0228054    -0.0225284   -0.0174401   0.0227961      0.0056183    -0.0174401   -0.00508178  -0.0051592     -0.002396    0.0227961    -0.0051592   -0.0169225
0.418195     0.0400487    0.0581643    0.00651379     0.0400487    0.378024     -0.00508178  0.032528       0.0581643    -0.00508178  0.358963     -0.000540508   0.00651379   0.032528     -0.000540508 0.341505
-0.00547556  0.0139806    -0.00198104  -0.0146038     0.0139806    -0.0205528   -0.00515919  0.0091954      -0.00198104  -0.00515919  -0.000540508 0.0162835      -0.0146038   0.0091954    0.0162835    -0.014676

0.00881668   -0.0199442   0.00853584   0.0184357      -0.0199442   0.0227862    -0.002396    -0.00207729    0.00853584   -0.002396    0.00651379   -0.0145935     0.0184357    -0.00207729  -0.0145935   0.0171602
0.0552461    -0.065405    0.0250351    -0.00207729    -0.065405    0.0325981    0.0227961    -0.0702616     0.0250351    0.0227961    0.032528     0.0091954      -0.00207729  -0.0702616   0.0091954    0.00928314
-0.00547556  0.0139806    -0.00198104  -0.0146038     0.0139806    -0.0205528   -0.00515919  0.0091954      -0.00198104  -0.00515919  -0.000540508 0.0162835      -0.0146038   0.0091954    0.0162835    -0.014676
0.392609     0.00173875   0.0343913    0.0171602      0.00173875   0.385048     -0.0169218   0.00928314     0.0343913    -0.0169218   0.341505     -0.014676      0.0171602    0.00928314   -0.014676    0.360424


Energy:  {1.69203506}


Coefficients: {{0.9612890691, 0.2446635743, 0.1147704122, 0.05376628584}, {0.9612890691, 0.2446635743, 0.1147704122, 0.05376628584}}


r2: {2.804597143, 2.804597143}
r2f: {3.18284615}


r3: {5.78197391, 5.78197391}
r3f: {6.975440461}


alpha: {3.7300702, 3.7300702}
alphaf: {4.5}




~~~XDM (a1=0.65, a2=3.17474)~~~

M1^2: {3.424220299, 3.424220299}
M1f^2: {3.18284615}

M2^2: {18.8365212, 18.8365212}
M2f^2: {16.88418269}

M3^2: {155.6489316, 155.6489316}
M3f^2: {125.3927637}

C6XDM: {{6.386291049, 6.386291049}, {6.386291049, 6.386291049}}
C6XDMf: {7.161403837}

C8XDM: {{105.3923196, 105.3923196}, {105.3923196, 105.3923196}}
C8XDMf: {113.9682331}

C10XDM: {{1972.826353, 1972.826353}, {1972.826353, 1972.826353}}
C10XDMf: {1974.936028}

EXDMC6: {-24.36158429}
EXDMC8: {-628.1808955}
EXDMC10: {-18373.14752}

EXDMBJC6: {-0.000151297454}
EXDMBJC8: {-0.00007171165189}
EXDMBJC10: {-0.00003855359456}

EXDM: {-19025.69}
EXDMBJ: {-0.0002615627004}




~~~TS (dTS=20, sR=0.62)~~~

C6TS: {{4.920476338, 4.920476338}, {4.920476338, 4.920476338}}
C6TSf: {7.161403837}

ETS: {-18.76998686}
ETSWY: {-0.000003250391042}




~~~MBD~~~

 alpha: {2.178834134, 2.178834134}
  C6ii: {1.897909961, 1.897909961}
 omega: {0.5330476107, 0.5330476107}
lambda: {0.5012905238, 0.5012905238, 0.3877487132, 0.1805307974, 0.06698898689, 0.06698898689}
Energy: {-0.1085098544}

~~~MBD@rsSCS (drsSCS=6, sR=0.62)~~~

 alpha: {2.187179949, 2.187179949}
  C6ii: {1.910448189, 1.910448189}
 omega: {0.5324820465, 0.5324820465}
lambda: {0.3060145168, 0.2947758233, 0.2947758233, 0.2722984363, 0.2722984363, 0.2610597429}
Energy: {-0.0006283753836}




~~~MBDFree1~~~

 alpha: {2.582548372, 2.582548372}
  C6ii: {2.6376035, 2.6376035}
 omega: {0.527292164, 0.527292164}
lambda: {0.4965785579, 0.4965785579, 0.3939250054, 0.1621490469, 0.05949549443, 0.05949549443}
Energy: {-0.1181203057}

~~~MBDFree1@rsSCS (drsSCS=6, sR=0.62)~~~

 alpha: {2.592713243, 2.592713243}
  C6ii: {2.655913599, 2.655913599}
 omega: {0.5267975027, 0.5267975027}
lambda: {0.303594749, 0.2905551789, 0.2905551789, 0.2644760387, 0.2644760387, 0.2514364687}
Energy: {-0.0008740946906}




~~~MBDFree2~~~

 alpha: {2.582548372, 2.582548372}
  C6ii: {1.812251607, 1.812251607}
 omega: {0.3622932983, 0.3622932983}
lambda: {0.234426082, 0.234426082, 0.1859651291, 0.07654773886, 0.02808678594, 0.02808678594}
Energy: {-0.08115841286}

~~~MBDFree2@rsSCS (drsSCS=6, sR=0.62)~~~

 alpha: {2.592713243, 2.592713243}
  C6ii: {1.824832159, 1.824832159}
 omega: {0.3619534251, 0.3619534251}
lambda: {0.1433217894, 0.1371660357, 0.1371660357, 0.1248545282, 0.1248545282, 0.1186987744}
Energy: {-0.0006005752979}




~~~MBD@XDM1~~~

 alpha: {2.451447971, 2.451447971}
  C6ii: {2.38443151, 2.38443151}
 omega: {0.5290274757, 0.5290274757}
lambda: {0.4980356351, 0.4980356351, 0.3921276858, 0.1676124543, 0.06170450501, 0.06170450501}
Energy: {-0.115159116}

~~~MBD@XDM1@rsSCS (drsSCS=6, sR=0.62)~~~

 alpha: {2.461021747, 2.461021747}
  C6ii: {2.400749609, 2.400749609}
 omega: {0.5285118153, 0.5285118153}
lambda: {0.3042406184, 0.2917826787, 0.2917826787, 0.2668667992, 0.2668667992, 0.2544088595}
Energy: {-0.00078995411}




~~~MBD@XDM2~~~

 alpha: {2.178834134, 2.178834134}
  C6ii: {2.463299194, 2.463299194}
 omega: {0.691843015, 0.691843015}
lambda: {0.8444474214, 0.8444474214, 0.653180911, 0.3041126037, 0.1128460933, 0.1128460933}
Energy: {-0.1408350461}

~~~MBD@XDM2@rsSCS (drsSCS=6, sR=0.62)~~~

 alpha: {2.187179949, 2.187179949}
  C6ii: {2.479572572, 2.479572572}
 omega: {0.6911089685, 0.6911089685}
lambda: {0.51549582, 0.4965637132, 0.4965637132, 0.4586994996, 0.4586994996, 0.4397673928}
Energy: {-0.0008155690246}




    ENERGY MATRIX: {Non-Interacting, Electron-Nuclear, Electron-Electron, Nuclear-Nuclear, Total Energy}
Oscillator 1 Energy: {0.7506741168, -0.8325880552, 0.3029322496, 0.6249992188, 0.84601753}
Oscillator 2 Energy: {0.7506741168, -0.8325880552, 0.3029322496, 0.6249992188, 0.84601753}
Energy Totals: {1.501348234, -1.66517611, 0.6058644992, 1.249998438, 1.69203506}


    COEFFICIENT MATRIX: {c1, c2, c5, c6, c11, c14}
Oscillator 1 Cs: {0.9612890691, 0.2446635743, 0.1147704122, 0.05376628584}
Oscillator 2 Cs: {0.9612890691, 0.2446635743, 0.1147704122, 0.05376628584}


    GENERAL RESULTS: {R, E, r2, r2f, r3, r3f, alpha, alphaf}
Oscillator 1 General Results: {0.800001, 1.69203506, 2.804597143, 3.18284615, 5.78197391, 6.975440461, 3.7300702, 4.5}
Oscillator 2 General Results: {0.800001, 1.69203506, 2.804597143, 3.18284615, 5.78197391, 6.975440461, 3.7300702, 4.5}


    XDM RESULTS: {M1^2, M1f^2, M2^2, M2f^2, M3^2, M3f^2, C6XDMii, C6XDMij, C6XDMf, C8XDMii, C8XDMij, C8XDMf, C10XDMii, C10XDMij, C10XDMf, EXDMC6, EXDMC8, EXDMC10, EXDMBJC6, EXDMBJC8, EXDMBJC10, EXDM, EXDMBJ}
Oscillator 1 XDM Results: {3.424220299, 3.18284615, 18.8365212, 16.88418269, 155.6489316, 125.3927637, 6.386291049, {{6.386291049, 6.386291049}, {6.386291049, 6.386291049}}, 7.161403837, 105.3923196, {{105.3923196, 105.3923196}, {105.3923196, 105.3923196}}, 113.9682331, 1972.826353, {{1972.826353, 1972.826353}, {1972.826353, 1972.826353}}, 1974.936028, -24.36158429, -628.1808955, -18373.14752, -0.000151297454, -0.00007171165189, -0.00003855359456, -19025.69, -0.0002615627004}
Oscillator 2 XDM Results: {3.424220299, 3.18284615, 18.8365212, 16.88418269, 155.6489316, 125.3927637, 6.386291049, {{6.386291049, 6.386291049}, {6.386291049, 6.386291049}}, 7.161403837, 105.3923196, {{105.3923196, 105.3923196}, {105.3923196, 105.3923196}}, 113.9682331, 1972.826353, {{1972.826353, 1972.826353}, {1972.826353, 1972.826353}}, 1974.936028, -24.36158429, -628.1808955, -18373.14752, -0.000151297454, -0.00007171165189, -0.00003855359456, -19025.69, -0.0002615627004}


    TS RESULTS: {C6TSii, C6TSij, C6TSf, ETS, ETSWY}
Oscillator 1 TS Results: {4.920476338, {{4.920476338, 4.920476338}, {4.920476338, 4.920476338}}, 7.161403837, -18.76998686, -0.000003250391042}
Oscillator 2 TS Results: {4.920476338, {{4.920476338, 4.920476338}, {4.920476338, 4.920476338}}, 7.161403837, -18.76998686, -0.000003250391042}


    MBD RESULTS: {MBD_alpha, MBD_C6, MBD_omega, MBD_Energy, MBDF1_alpha, MBDF1_C6, MBDF1_omega, MBDF1_Energy, MBDF2_alpha, MBDF2_C6, MBDF2_omega, MBDF2_Energy, MBDX1_alpha, MBDX1_C6, MBDX1_omega, MBDX1_Energy, MBDX2_alpha, MBDX2_C6, MBDX2_omega, MBDX2_Energy}
Oscillator 1 MBD Results: {2.178834134, 1.897909961, 0.5330476107, -0.1085098544, 2.582548372, 2.6376035, 0.527292164, -0.1181203057, 2.582548372, 1.812251607, 0.3622932983, -0.08115841286, 2.451447971, 2.38443151, 0.5290274757, -0.115159116, 2.178834134, 2.463299194, 0.691843015, -0.1408350461}
Oscillator 2 MBD Results: {2.178834134, 1.897909961, 0.5330476107, -0.1085098544, 2.582548372, 2.6376035, 0.527292164, -0.1181203057, 2.582548372, 1.812251607, 0.3622932983, -0.08115841286, 2.451447971, 2.38443151, 0.5290274757, -0.115159116, 2.178834134, 2.463299194, 0.691843015, -0.1408350461}


    MBDRSSCS RESULTS: {MBDrsSCS_alpha, MBDrsSCS_C6, MBDrsSCS_omega, MBDrsSCS_Energy, MBDF1rsSCS_alpha, MBDF1rsSCS_C6, MBDF1rsSCS_omega, MBDF1rsSCS_Energy, MBDF2rsSCS_alpha, MBDF2rsSCS_C6, MBDF2rsSCS_omega, MBDF2rsSCS_Energy, MBDX1rsSCS_alpha, MBDX1rsSCS_C6, MBDX1rsSCS_omega, MBDX1rsSCS_Energy, MBDX2rsSCS_alpha, MBDX2rsSCS_C6, MBDX2rsSCS_omega, MBDX2rsSCS_Energy}
Oscillator 1 MBDrsSCS Results: {2.187179949, 1.910448189, 0.5324820465, -0.0006283753836, 2.592713243, 2.655913599, 0.5267975027, -0.0008740946906, 2.592713243, 1.824832159, 0.3619534251, -0.0006005752979, 2.461021747, 2.400749609, 0.5285118153, -0.00078995411, 2.187179949, 2.479572572, 0.6911089685, -0.0008155690246}
Oscillator 2 MBDrsSCS Results: {2.187179949, 1.910448189, 0.5324820465, -0.0006283753836, 2.592713243, 2.655913599, 0.5267975027, -0.0008740946906, 2.592713243, 1.824832159, 0.3619534251, -0.0006005752979, 2.461021747, 2.400749609, 0.5285118153, -0.00078995411, 2.187179949, 2.479572572, 0.6911089685, -0.0008155690246}


         {R, Energy}
SUMMARY: {0.800001, 1.69203506}