Oscillators N=2 2022-12-24  w=0.427984 a=5.46239.nb ( N = 2, M = 4 )
~~~~~~~~~~~~~~~~~~~~~~~~~~~~~~~~~~~~~~
Run Commenced: Mon 26 Dec 2022 00:38:02
Run Completed: Mon 26 Dec 2022 00:53:45
Time Elapsed: 00:15:42

Oscillators Used: 2
Wavefunctions Used: 4
Internuclear Separation: 1.4
omega: 0.428
nu : 0.213876

For display purposes, the threshold of Hamiltonian matrix elements has been set to: 10^-6.


    Hamiltonian Matrix A:    < psi_{i,A} | H_k | psi_{j,A} >
    H_1 = T_kin,    H_2 = V_pot,    H_3 = V_1-B,    H_4 = V_A-B

HijkA: {{{0.320988, 0.320988, -0.5747481829, 0.7142852041}, {0., 0., -0.1974176554, 0.}, {0.2620856045, -0.2620856045, -0.1302763045, 0.}, {0., 0., -0.07982461522, 0.}}, {{0., 0., -0.1974176554, 0.}, {0.53498, 0.53498, -0.5605515029, 0.7142852041}, {0., 0., -0.007504961263, 0.}, {0., 0., -0.1743214239, 0.}}, {{0.2620856045, -0.2620856045, -0.1302763045, 0.}, {0., 0., -0.007504961263, 0.}, {0.748972, 0.748972, -0.4323830624, 0.7142852041}, {0., 0., 0.004233465643, 0.}}, {{0., 0., -0.07982461522, 0.}, {0., 0., -0.1743214239, 0.}, {0., 0., 0.004233465643, 0.}, {0.748972, 0.748972, -0.4514439917, 0.7142852041}}}
0.320988      0.            0.262086      0.
0.320988      0.            -0.262086     0.
-0.574748     -0.197418     -0.130276     -0.0798246
0.714285      0.            0.            0.

0.            0.53498       0.            0.
0.            0.53498       0.            0.
-0.197418     -0.560552     -0.00750496   -0.174321
0.            0.714285      0.            0.

0.262086      0.            0.748972      0.
-0.262086     0.            0.748972      0.
-0.130276     -0.00750496   -0.432383     0.00423347
0.            0.            0.714285      0.

0.            0.            0.            0.748972
0.            0.            0.            0.748972
-0.0798246    -0.174321     0.00423347    -0.451444
0.            0.            0.            0.714285


    Hamiltonian Matrix B:    < psi_{i,B} | H_k | psi_{j,B} >
    H_1 = T_kin,    H_2 = V_pot,    H_3 = V_2-A,    H_4 = V_B-A 

HijkB: {{{0.320988, 0.320988, -0.5747481829, 0.7142852041}, {0., 0., -0.1974176554, 0.}, {0.2620856045, -0.2620856045, -0.1302763045, 0.}, {0., 0., -0.07982461522, 0.}}, {{0., 0., -0.1974176554, 0.}, {0.53498, 0.53498, -0.5605515029, 0.7142852041}, {0., 0., -0.007504961263, 0.}, {0., 0., -0.1743214239, 0.}}, {{0.2620856045, -0.2620856045, -0.1302763045, 0.}, {0., 0., -0.007504961263, 0.}, {0.748972, 0.748972, -0.4323830624, 0.7142852041}, {0., 0., 0.004233465643, 0.}}, {{0., 0., -0.07982461522, 0.}, {0., 0., -0.1743214239, 0.}, {0., 0., 0.004233465643, 0.}, {0.748972, 0.748972, -0.4514439917, 0.7142852041}}}
0.320988      0.            0.262086      0.
0.320988      0.            -0.262086     0.
-0.574748     -0.197418     -0.130276     -0.0798246
0.714285      0.            0.            0.

0.            0.53498       0.            0.
0.            0.53498       0.            0.
-0.197418     -0.560552     -0.00750496   -0.174321
0.            0.714285      0.            0.

0.262086      0.            0.748972      0.
-0.262086     0.            0.748972      0.
-0.130276     -0.00750496   -0.432383     0.00423347
0.            0.            0.714285      0.

0.            0.            0.            0.748972
0.            0.            0.            0.748972
-0.0798246    -0.174321     0.00423347    -0.451444
0.            0.            0.            0.714285


    Hamiltonian Matrix AB:    < psi_{i1,A} <psi_{i2,B} | V_e-e | psi_{i3,A} <psi_{i4,B} >

HijkAB: {{{{0.4580543112, 0.08849801463, 0.07024585159, 0.01885491816}, {0.08849801463, -0.03560246114, 0.04559506472, -0.0207093965}, {0.07009562725, 0.04559506472, 0.03109686837, 0.01699988028}, {0.01885491816, -0.0207093965, 0.01699988028, 0.006870611799}}, {{0.08849801463, 0.422398972, -0.02668615308, 0.08134378734}, {-0.03560246114, 0.02722966926, 0.02356725809, -0.04733625387}, {0.04559506472, 0.06436730329, 0.001677314355, 0.03718433796}, {-0.0207093965, 0.01286970653, 0.001586497374, -0.00535033049}}, {{0.07024585159, -0.02668615308, 0.3746754911, -0.01394820575}, {0.04559506472, 0.02356725809, 0.05303600511, 0.01871088179}, {0.03109686837, 0.001677314355, 0.04066014362, -0.006424401918}, {0.01699988028, 0.001586497374, 0.01262403513, -0.009040282164}}, {{0.01885491816, 0.08134378734, -0.01394820575, 0.3720743699}, {-0.0207093965, -0.04733625387, 0.01871088179, 0.008299761573}, {0.01699988028, 0.03718433796, -0.006424401918, 0.04146443281}, {0.006870611799, -0.00535033049, -0.009040279584, 0.01220437567}}}, {{{0.08849801463, -0.03560246114, 0.04559506472, -0.0207093965}, {0.422398972, 0.02722966926, 0.06436730329, 0.01284185193}, {-0.02668615308, 0.02350129602, 0.001677314355, 0.001586497374}, {0.08134396684, -0.04733625387, 0.03718433796, -0.00535033049}}, {{-0.03560246114, 0.02722966926, 0.02356725809, -0.04733625387}, {0.02722966926, 0.385207951, -0.02629137199, 0.04483167974}, {0.02350129602, -0.02629137199, -0.007059606876, 0.01693260795}, {-0.04733625387, 0.04483167974, 0.01693260795, -0.04752557119}}, {{0.04559506472, 0.02356725809, 0.05303600511, 0.01871088179}, {0.06436730329, -0.02629137199, 0.355282885, -0.01895436405}, {0.001677314355, -0.007059606876, -0.01520615708, -0.004911402902}, {0.03718433796, 0.01693260795, 0.05053716713, 0.01011108202}}, {{-0.0207093965, -0.04733625387, 0.01871088179, 0.008299761573}, {0.01286143617, 0.04483167974, -0.01895436405, 0.3524550836}, {0.001586497374, 0.01693260795, -0.004911402902, -0.0234305813}, {-0.00535033049, -0.04752557119, 0.01011108202, 0.01916621244}}}, {{{0.07009562725, 0.04559506472, 0.03109686837, 0.01699988028}, {-0.02668615308, 0.02350129602, 0.001677314355, 0.001586497374}, {0.3747186458, 0.05303600511, 0.04060252437, 0.01262403513}, {-0.01394820575, 0.01871088179, -0.006424401918, -0.009014917368}}, {{0.04559506472, 0.06436730329, 0.001677314355, 0.03718433796}, {0.02350129602, -0.02629137199, -0.007059606876, 0.01693260795}, {0.05303600511, 0.355282885, -0.01520615708, 0.05053716713}, {0.01871088179, -0.01895436405, -0.004911402902, 0.01011108202}}, {{0.03109686837, 0.001677314355, 0.04066014362, -0.006424401918}, {0.001677314355, -0.007059606876, -0.01520615708, -0.004911402902}, {0.04060252437, -0.01520615708, 0.3220405956, -0.003929922348}, {-0.006424401918, -0.004911402902, -0.003929922348, 0.009319770082}}, {{0.01699988028, 0.03718433796, -0.006424401918, 0.04146443281}, {0.001586497374, 0.01693260795, -0.004911402902, -0.0234305813}, {0.01262403513, 0.05053716713, -0.003929922348, 0.3233592664}, {-0.009014917368, 0.01011108202, 0.009319770082, -0.01232594987}}}, {{{0.01885491816, -0.0207093965, 0.01699988028, 0.006870611799}, {0.08134396684, -0.04733625387, 0.03718433796, -0.00535033049}, {-0.01394820575, 0.01871088179, -0.006424401918, -0.009014917368}, {0.3720743699, 0.008299761573, 0.04146443281, 0.01220437567}}, {{-0.0207093965, 0.01286064662, 0.001586497374, -0.00535033049}, {-0.04733625387, 0.04483167974, 0.01693260795, -0.04752557119}, {0.01871088179, -0.01895436405, -0.004911402902, 0.01011108202}, {0.008299761573, 0.3524550836, -0.0234305813, 0.01916621244}}, {{0.01699988028, 0.001586497374, 0.01262403513, -0.009040282164}, {0.03718433796, 0.01693260795, 0.05053716713, 0.01011108202}, {-0.006424401918, -0.004911402902, -0.003929922348, 0.009319770082}, {0.04146443281, -0.0234305813, 0.3233592664, -0.01232594987}}, {{0.006870611799, -0.00535033049, -0.009040282164, 0.01220437567}, {-0.00535033049, -0.04752557119, 0.01011108202, 0.01916621244}, {-0.009014917368, 0.01011108202, 0.009319770082, -0.01232594987}, {0.01220437567, 0.01916621244, -0.01232594987, 0.324866438}}}}
0.458054    0.088498    0.0702459   0.0188549     0.088498    0.422399    -0.0266862  0.0813438     0.0702459   -0.0266862  0.374675    -0.0139482    0.0188549   0.0813438   -0.0139482  0.372074
0.088498    -0.0356025  0.0455951   -0.0207094    -0.0356025  0.0272297   0.0235673   -0.0473363    0.0455951   0.0235673   0.053036    0.0187109     -0.0207094  -0.0473363  0.0187109   0.00829976
0.0700956   0.0455951   0.0310969   0.0169999     0.0455951   0.0643673   0.00167731  0.0371843     0.0310969   0.00167731  0.0406601   -0.0064244    0.0169999   0.0371843   -0.0064244  0.0414644
0.0188549   -0.0207094  0.0169999   0.00687061    -0.0207094  0.0128697   0.0015865   -0.00535033   0.0169999   0.0015865   0.012624    -0.00904028   0.00687061  -0.00535033 -0.00904028 0.0122044

0.088498    -0.0356025  0.0455951   -0.0207094    -0.0356025  0.0272297   0.0235673   -0.0473363    0.0455951   0.0235673   0.053036    0.0187109     -0.0207094  -0.0473363  0.0187109   0.00829976
0.422399    0.0272297   0.0643673   0.0128419     0.0272297   0.385208    -0.0262914  0.0448317     0.0643673   -0.0262914  0.355283    -0.0189544    0.0128614   0.0448317   -0.0189544  0.352455
-0.0266862  0.0235013   0.00167731  0.0015865     0.0235013   -0.0262914  -0.00705961 0.0169326     0.00167731  -0.00705961 -0.0152062  -0.0049114    0.0015865   0.0169326   -0.0049114  -0.0234306
0.081344    -0.0473363  0.0371843   -0.00535033   -0.0473363  0.0448317   0.0169326   -0.0475256    0.0371843   0.0169326   0.0505372   0.0101111     -0.00535033 -0.0475256  0.0101111   0.0191662

0.0700956   0.0455951   0.0310969   0.0169999     0.0455951   0.0643673   0.00167731  0.0371843     0.0310969   0.00167731  0.0406601   -0.0064244    0.0169999   0.0371843   -0.0064244  0.0414644
-0.0266862  0.0235013   0.00167731  0.0015865     0.0235013   -0.0262914  -0.00705961 0.0169326     0.00167731  -0.00705961 -0.0152062  -0.0049114    0.0015865   0.0169326   -0.0049114  -0.0234306
0.374719    0.053036    0.0406025   0.012624      0.053036    0.355283    -0.0152062  0.0505372     0.0406025   -0.0152062  0.322041    -0.00392992   0.012624    0.0505372   -0.00392992 0.323359
-0.0139482  0.0187109   -0.0064244  -0.00901492   0.0187109   -0.0189544  -0.0049114  0.0101111     -0.0064244  -0.0049114  -0.00392992 0.00931977    -0.00901492 0.0101111   0.00931977  -0.0123259

0.0188549   -0.0207094  0.0169999   0.00687061    -0.0207094  0.0128606   0.0015865   -0.00535033   0.0169999   0.0015865   0.012624    -0.00904028   0.00687061  -0.00535033 -0.00904028 0.0122044
0.081344    -0.0473363  0.0371843   -0.00535033   -0.0473363  0.0448317   0.0169326   -0.0475256    0.0371843   0.0169326   0.0505372   0.0101111     -0.00535033 -0.0475256  0.0101111   0.0191662
-0.0139482  0.0187109   -0.0064244  -0.00901492   0.0187109   -0.0189544  -0.0049114  0.0101111     -0.0064244  -0.0049114  -0.00392992 0.00931977    -0.00901492 0.0101111   0.00931977  -0.0123259
0.372074    0.00829976  0.0414644   0.0122044     0.00829976  0.352455    -0.0234306  0.0191662     0.0414644   -0.0234306  0.323359    -0.0123259    0.0122044   0.0191662   -0.0123259  0.324866


    Hamiltonian Matrix BA:    < psi_{i1,B} <psi_{i2,A} | V_e-e | psi_{i3,B} <psi_{i4,A} >

HijkBA: {{{{0.4580543112, 0.08849801463, 0.07024585159, 0.01885491816}, {0.08849801463, -0.03560246114, 0.04559506472, -0.0207093965}, {0.07009562725, 0.04559506472, 0.03109686837, 0.01699988028}, {0.01885491816, -0.0207093965, 0.01699988028, 0.006870611799}}, {{0.08849801463, 0.422398972, -0.02668615308, 0.08134378734}, {-0.03560246114, 0.02722966926, 0.02356725809, -0.04733625387}, {0.04559506472, 0.06436730329, 0.001677314355, 0.03718433796}, {-0.0207093965, 0.01286970653, 0.001586497374, -0.00535033049}}, {{0.07024585159, -0.02668615308, 0.3746754911, -0.01394820575}, {0.04559506472, 0.02356725809, 0.05303600511, 0.01871088179}, {0.03109686837, 0.001677314355, 0.04066014362, -0.006424401918}, {0.01699988028, 0.001586497374, 0.01262403513, -0.009040282164}}, {{0.01885491816, 0.08134378734, -0.01394820575, 0.3720743699}, {-0.0207093965, -0.04733625387, 0.01871088179, 0.008299761573}, {0.01699988028, 0.03718433796, -0.006424401918, 0.04146443281}, {0.006870611799, -0.00535033049, -0.009040279584, 0.01220437567}}}, {{{0.08849801463, -0.03560246114, 0.04559506472, -0.0207093965}, {0.422398972, 0.02722966926, 0.06436730329, 0.01284185193}, {-0.02668615308, 0.02350129602, 0.001677314355, 0.001586497374}, {0.08134396684, -0.04733625387, 0.03718433796, -0.00535033049}}, {{-0.03560246114, 0.02722966926, 0.02356725809, -0.04733625387}, {0.02722966926, 0.385207951, -0.02629137199, 0.04483167974}, {0.02350129602, -0.02629137199, -0.007059606876, 0.01693260795}, {-0.04733625387, 0.04483167974, 0.01693260795, -0.04752557119}}, {{0.04559506472, 0.02356725809, 0.05303600511, 0.01871088179}, {0.06436730329, -0.02629137199, 0.355282885, -0.01895436405}, {0.001677314355, -0.007059606876, -0.01520615708, -0.004911402902}, {0.03718433796, 0.01693260795, 0.05053716713, 0.01011108202}}, {{-0.0207093965, -0.04733625387, 0.01871088179, 0.008299761573}, {0.01286143617, 0.04483167974, -0.01895436405, 0.3524550836}, {0.001586497374, 0.01693260795, -0.004911402902, -0.0234305813}, {-0.00535033049, -0.04752557119, 0.01011108202, 0.01916621244}}}, {{{0.07009562725, 0.04559506472, 0.03109686837, 0.01699988028}, {-0.02668615308, 0.02350129602, 0.001677314355, 0.001586497374}, {0.3747186458, 0.05303600511, 0.04060252437, 0.01262403513}, {-0.01394820575, 0.01871088179, -0.006424401918, -0.009014917368}}, {{0.04559506472, 0.06436730329, 0.001677314355, 0.03718433796}, {0.02350129602, -0.02629137199, -0.007059606876, 0.01693260795}, {0.05303600511, 0.355282885, -0.01520615708, 0.05053716713}, {0.01871088179, -0.01895436405, -0.004911402902, 0.01011108202}}, {{0.03109686837, 0.001677314355, 0.04066014362, -0.006424401918}, {0.001677314355, -0.007059606876, -0.01520615708, -0.004911402902}, {0.04060252437, -0.01520615708, 0.3220405956, -0.003929922348}, {-0.006424401918, -0.004911402902, -0.003929922348, 0.009319770082}}, {{0.01699988028, 0.03718433796, -0.006424401918, 0.04146443281}, {0.001586497374, 0.01693260795, -0.004911402902, -0.0234305813}, {0.01262403513, 0.05053716713, -0.003929922348, 0.3233592664}, {-0.009014917368, 0.01011108202, 0.009319770082, -0.01232594987}}}, {{{0.01885491816, -0.0207093965, 0.01699988028, 0.006870611799}, {0.08134396684, -0.04733625387, 0.03718433796, -0.00535033049}, {-0.01394820575, 0.01871088179, -0.006424401918, -0.009014917368}, {0.3720743699, 0.008299761573, 0.04146443281, 0.01220437567}}, {{-0.0207093965, 0.01286064662, 0.001586497374, -0.00535033049}, {-0.04733625387, 0.04483167974, 0.01693260795, -0.04752557119}, {0.01871088179, -0.01895436405, -0.004911402902, 0.01011108202}, {0.008299761573, 0.3524550836, -0.0234305813, 0.01916621244}}, {{0.01699988028, 0.001586497374, 0.01262403513, -0.009040282164}, {0.03718433796, 0.01693260795, 0.05053716713, 0.01011108202}, {-0.006424401918, -0.004911402902, -0.003929922348, 0.009319770082}, {0.04146443281, -0.0234305813, 0.3233592664, -0.01232594987}}, {{0.006870611799, -0.00535033049, -0.009040282164, 0.01220437567}, {-0.00535033049, -0.04752557119, 0.01011108202, 0.01916621244}, {-0.009014917368, 0.01011108202, 0.009319770082, -0.01232594987}, {0.01220437567, 0.01916621244, -0.01232594987, 0.324866438}}}}
0.458054    0.088498    0.0702459   0.0188549     0.088498    0.422399    -0.0266862  0.0813438     0.0702459   -0.0266862  0.374675    -0.0139482    0.0188549   0.0813438   -0.0139482  0.372074
0.088498    -0.0356025  0.0455951   -0.0207094    -0.0356025  0.0272297   0.0235673   -0.0473363    0.0455951   0.0235673   0.053036    0.0187109     -0.0207094  -0.0473363  0.0187109   0.00829976
0.0700956   0.0455951   0.0310969   0.0169999     0.0455951   0.0643673   0.00167731  0.0371843     0.0310969   0.00167731  0.0406601   -0.0064244    0.0169999   0.0371843   -0.0064244  0.0414644
0.0188549   -0.0207094  0.0169999   0.00687061    -0.0207094  0.0128697   0.0015865   -0.00535033   0.0169999   0.0015865   0.012624    -0.00904028   0.00687061  -0.00535033 -0.00904028 0.0122044

0.088498    -0.0356025  0.0455951   -0.0207094    -0.0356025  0.0272297   0.0235673   -0.0473363    0.0455951   0.0235673   0.053036    0.0187109     -0.0207094  -0.0473363  0.0187109   0.00829976
0.422399    0.0272297   0.0643673   0.0128419     0.0272297   0.385208    -0.0262914  0.0448317     0.0643673   -0.0262914  0.355283    -0.0189544    0.0128614   0.0448317   -0.0189544  0.352455
-0.0266862  0.0235013   0.00167731  0.0015865     0.0235013   -0.0262914  -0.00705961 0.0169326     0.00167731  -0.00705961 -0.0152062  -0.0049114    0.0015865   0.0169326   -0.0049114  -0.0234306
0.081344    -0.0473363  0.0371843   -0.00535033   -0.0473363  0.0448317   0.0169326   -0.0475256    0.0371843   0.0169326   0.0505372   0.0101111     -0.00535033 -0.0475256  0.0101111   0.0191662

0.0700956   0.0455951   0.0310969   0.0169999     0.0455951   0.0643673   0.00167731  0.0371843     0.0310969   0.00167731  0.0406601   -0.0064244    0.0169999   0.0371843   -0.0064244  0.0414644
-0.0266862  0.0235013   0.00167731  0.0015865     0.0235013   -0.0262914  -0.00705961 0.0169326     0.00167731  -0.00705961 -0.0152062  -0.0049114    0.0015865   0.0169326   -0.0049114  -0.0234306
0.374719    0.053036    0.0406025   0.012624      0.053036    0.355283    -0.0152062  0.0505372     0.0406025   -0.0152062  0.322041    -0.00392992   0.012624    0.0505372   -0.00392992 0.323359
-0.0139482  0.0187109   -0.0064244  -0.00901492   0.0187109   -0.0189544  -0.0049114  0.0101111     -0.0064244  -0.0049114  -0.00392992 0.00931977    -0.00901492 0.0101111   0.00931977  -0.0123259

0.0188549   -0.0207094  0.0169999   0.00687061    -0.0207094  0.0128606   0.0015865   -0.00535033   0.0169999   0.0015865   0.012624    -0.00904028   0.00687061  -0.00535033 -0.00904028 0.0122044
0.081344    -0.0473363  0.0371843   -0.00535033   -0.0473363  0.0448317   0.0169326   -0.0475256    0.0371843   0.0169326   0.0505372   0.0101111     -0.00535033 -0.0475256  0.0101111   0.0191662
-0.0139482  0.0187109   -0.0064244  -0.00901492   0.0187109   -0.0189544  -0.0049114  0.0101111     -0.0064244  -0.0049114  -0.00392992 0.00931977    -0.00901492 0.0101111   0.00931977  -0.0123259
0.372074    0.00829976  0.0414644   0.0122044     0.00829976  0.352455    -0.0234306  0.0191662     0.0414644   -0.0234306  0.323359    -0.0123259    0.0122044   0.0191662   -0.0123259  0.324866


Energy:  {1.206915364}


Coefficients: {{0.9236163214, 0.3600420453, 0.02736973863, 0.1286604593}, {0.9236163214, 0.3600420453, 0.02736973863, 0.1286604593}}


r2: {3.745904613, 3.745904613}
r2f: {3.506712852}


r3: {8.921821133, 8.921821133}
r3f: {8.066747702}


alpha: {6.041402104, 6.041402104}
alphaf: {5.46239}




~~~XDM (a1=0.65, a2=3.17474)~~~

M1^2: {4.086806742, 4.086806742}
M1f^2: {3.506712852}

M2^2: {23.19054978, 23.19054978}
M2f^2: {20.49505838}

M3^2: {227.7510588, 227.7510588}
M3f^2: {167.6973308}

C6XDM: {{12.34502143, 12.34502143}, {12.34502143, 12.34502143}}
C6XDMf: {9.577516609}

C8XDM: {{210.1551544, 210.1551544}, {210.1551544, 210.1551544}}
C8XDMf: {167.9280029}

C10XDM: {{4421.40452, 4421.40452}, {4421.40452, 4421.40452}}
C10XDMf: {3206.09878}

EXDMC6: {-1.639539079}
EXDMC8: {-14.24010787}
EXDMC10: {-152.8539943}

EXDMBJC6: {-0.0002632184468}
EXDMBJC8: {-0.0001242782684}
EXDMBJC10: {-0.00007250763114}

EXDM: {-168.7336413}
EXDMBJ: {-0.0004600043463}




~~~TS (dTS=20, sR=0.62)~~~

C6TS: {{11.71555831, 11.71555831}, {11.71555831, 11.71555831}}
C6TSf: {9.577516609}

ETS: {-1.555940247}
ETSWY: {-0.000003673377092}




~~~MBD~~~

 alpha: {4.184699254, 4.184699254}
  C6ii: {6.706895192, 6.706895192}
 omega: {0.5106598968, 0.5106598968}
lambda: {0.4160687208, 0.4160687208, 0.264296486, 0.2572505744, 0.1054783396, 0.1054783396}
Energy: {-0.05152326291}

~~~MBD@rsSCS (drsSCS=6, sR=0.62)~~~

 alpha: {4.208683968, 4.208683968}
  C6ii: {6.757437975, 6.757437975}
 omega: {0.5086606871, 0.5086606871}
lambda: {0.274685424, 0.2667105593, 0.2667105593, 0.2507608299, 0.2507608299, 0.2427859652}
Energy: {-0.0003627527621}




~~~MBDFree1~~~

 alpha: {3.858470254, 3.858470254}
  C6ii: {5.705654492, 5.705654492}
 omega: {0.5109917553, 0.5109917553}
lambda: {0.4124558285, 0.4124558285, 0.2648367655, 0.2573883825, 0.1097693195, 0.1097693195}
Energy: {-0.04845473203}

~~~MBDFree1@rsSCS (drsSCS=6, sR=0.62)~~~

 alpha: {3.879248975, 3.879248975}
  C6ii: {5.744376699, 5.744376699}
 omega: {0.5089631509, 0.5089631509}
lambda: {0.2737622411, 0.266402865, 0.266402865, 0.2516841129, 0.2516841129, 0.2443247369}
Energy: {-0.0003083281935}




~~~MBDFree2~~~

 alpha: {3.858470254, 3.858470254}
  C6ii: {6.979359122, 6.979359122}
 omega: {0.625063255, 0.625063255}
lambda: {0.6171597543, 0.6171597543, 0.3962765994, 0.385131546, 0.1642483911, 0.1642483911}
Energy: {-0.05927154833}

~~~MBDFree2@rsSCS (drsSCS=6, sR=0.62)~~~

 alpha: {3.879248975, 3.879248975}
  C6ii: {7.0267255, 7.0267255}
 omega: {0.622581794, 0.622581794}
lambda: {0.4096318339, 0.3986199621, 0.3986199621, 0.3765962184, 0.3765962184, 0.3655843466}
Energy: {-0.0003771579918}




~~~MBD@XDM1~~~

 alpha: {4.274432349, 4.274432349}
  C6ii: {6.995279098, 6.995279098}
 omega: {0.5104895865, 0.5104895865}
lambda: {0.4168609196, 0.4168609196, 0.2660297444, 0.2551694914, 0.1043383163, 0.1043383163}
Energy: {-0.05234478681}

~~~MBD@XDM1@rsSCS (drsSCS=6, sR=0.62)~~~

 alpha: {4.29929866, 4.29929866}
  C6ii: {7.049330416, 7.049330416}
 omega: {0.508500487, 0.508500487}
lambda: {0.2748556176, 0.2667141814, 0.2667141814, 0.2504313091, 0.2504313091, 0.2422898729}
Energy: {-0.0003784368425}




~~~MBD@XDM2~~~

 alpha: {4.184699254, 4.184699254}
  C6ii: {7.06724875, 7.06724875}
 omega: {0.53809705, 0.53809705}
lambda: {0.4619795842, 0.4619795842, 0.2934601296, 0.2856367409, 0.1171172863, 0.1171172863}
Energy: {-0.05429154698}

~~~MBD@XDM2@rsSCS (drsSCS=6, sR=0.62)~~~

 alpha: {4.208683968, 4.208683968}
  C6ii: {7.120507137, 7.120507137}
 omega: {0.5359904251, 0.5359904251}
lambda: {0.3049954289, 0.2961405824, 0.2961405824, 0.2784308893, 0.2784308893, 0.2695760427}
Energy: {-0.0003822430397}




    ENERGY MATRIX: {Non-Interacting, Electron-Nuclear, Electron-Electron, Nuclear-Nuclear, Total Energy}
Oscillator 1 Energy: {0.7122661693, -0.7438853801, 0.2779342908, 0.357142602, 0.6034576821}
Oscillator 2 Energy: {0.7122661693, -0.7438853801, 0.2779342908, 0.357142602, 0.6034576821}
Energy Totals: {1.424532339, -1.48777076, 0.5558685816, 0.7142852041, 1.206915364}


    COEFFICIENT MATRIX: {c1, c2, c5, c6, c11, c14}
Oscillator 1 Cs: {0.9236163214, 0.3600420453, 0.02736973863, 0.1286604593}
Oscillator 2 Cs: {0.9236163214, 0.3600420453, 0.02736973863, 0.1286604593}


    GENERAL RESULTS: {R, E, r2, r2f, r3, r3f, alpha, alphaf}
Oscillator 1 General Results: {1.400001, 1.206915364, 3.745904613, 3.506712852, 8.921821133, 8.066747702, 6.041402104, 5.46239}
Oscillator 2 General Results: {1.400001, 1.206915364, 3.745904613, 3.506712852, 8.921821133, 8.066747702, 6.041402104, 5.46239}


    XDM RESULTS: {M1^2, M1f^2, M2^2, M2f^2, M3^2, M3f^2, C6XDMii, C6XDMij, C6XDMf, C8XDMii, C8XDMij, C8XDMf, C10XDMii, C10XDMij, C10XDMf, EXDMC6, EXDMC8, EXDMC10, EXDMBJC6, EXDMBJC8, EXDMBJC10, EXDM, EXDMBJ}
Oscillator 1 XDM Results: {4.086806742, 3.506712852, 23.19054978, 20.49505838, 227.7510588, 167.6973308, 12.34502143, {{12.34502143, 12.34502143}, {12.34502143, 12.34502143}}, 9.577516609, 210.1551544, {{210.1551544, 210.1551544}, {210.1551544, 210.1551544}}, 167.9280029, 4421.40452, {{4421.40452, 4421.40452}, {4421.40452, 4421.40452}}, 3206.09878, -1.639539079, -14.24010787, -152.8539943, -0.0002632184468, -0.0001242782684, -0.00007250763114, -168.7336413, -0.0004600043463}
Oscillator 2 XDM Results: {4.086806742, 3.506712852, 23.19054978, 20.49505838, 227.7510588, 167.6973308, 12.34502143, {{12.34502143, 12.34502143}, {12.34502143, 12.34502143}}, 9.577516609, 210.1551544, {{210.1551544, 210.1551544}, {210.1551544, 210.1551544}}, 167.9280029, 4421.40452, {{4421.40452, 4421.40452}, {4421.40452, 4421.40452}}, 3206.09878, -1.639539079, -14.24010787, -152.8539943, -0.0002632184468, -0.0001242782684, -0.00007250763114, -168.7336413, -0.0004600043463}


    TS RESULTS: {C6TSii, C6TSij, C6TSf, ETS, ETSWY}
Oscillator 1 TS Results: {11.71555831, {{11.71555831, 11.71555831}, {11.71555831, 11.71555831}}, 9.577516609, -1.555940247, -0.000003673377092}
Oscillator 2 TS Results: {11.71555831, {{11.71555831, 11.71555831}, {11.71555831, 11.71555831}}, 9.577516609, -1.555940247, -0.000003673377092}


    MBD RESULTS: {MBD_alpha, MBD_C6, MBD_omega, MBD_Energy, MBDF1_alpha, MBDF1_C6, MBDF1_omega, MBDF1_Energy, MBDF2_alpha, MBDF2_C6, MBDF2_omega, MBDF2_Energy, MBDX1_alpha, MBDX1_C6, MBDX1_omega, MBDX1_Energy, MBDX2_alpha, MBDX2_C6, MBDX2_omega, MBDX2_Energy}
Oscillator 1 MBD Results: {4.184699254, 6.706895192, 0.5106598968, -0.05152326291, 3.858470254, 5.705654492, 0.5109917553, -0.04845473203, 3.858470254, 6.979359122, 0.625063255, -0.05927154833, 4.274432349, 6.995279098, 0.5104895865, -0.05234478681, 4.184699254, 7.06724875, 0.53809705, -0.05429154698}
Oscillator 2 MBD Results: {4.184699254, 6.706895192, 0.5106598968, -0.05152326291, 3.858470254, 5.705654492, 0.5109917553, -0.04845473203, 3.858470254, 6.979359122, 0.625063255, -0.05927154833, 4.274432349, 6.995279098, 0.5104895865, -0.05234478681, 4.184699254, 7.06724875, 0.53809705, -0.05429154698}


    MBDRSSCS RESULTS: {MBDrsSCS_alpha, MBDrsSCS_C6, MBDrsSCS_omega, MBDrsSCS_Energy, MBDF1rsSCS_alpha, MBDF1rsSCS_C6, MBDF1rsSCS_omega, MBDF1rsSCS_Energy, MBDF2rsSCS_alpha, MBDF2rsSCS_C6, MBDF2rsSCS_omega, MBDF2rsSCS_Energy, MBDX1rsSCS_alpha, MBDX1rsSCS_C6, MBDX1rsSCS_omega, MBDX1rsSCS_Energy, MBDX2rsSCS_alpha, MBDX2rsSCS_C6, MBDX2rsSCS_omega, MBDX2rsSCS_Energy}
Oscillator 1 MBDrsSCS Results: {4.208683968, 6.757437975, 0.5086606871, -0.0003627527621, 3.879248975, 5.744376699, 0.5089631509, -0.0003083281935, 3.879248975, 7.0267255, 0.622581794, -0.0003771579918, 4.29929866, 7.049330416, 0.508500487, -0.0003784368425, 4.208683968, 7.120507137, 0.5359904251, -0.0003822430397}
Oscillator 2 MBDrsSCS Results: {4.208683968, 6.757437975, 0.5086606871, -0.0003627527621, 3.879248975, 5.744376699, 0.5089631509, -0.0003083281935, 3.879248975, 7.0267255, 0.622581794, -0.0003771579918, 4.29929866, 7.049330416, 0.508500487, -0.0003784368425, 4.208683968, 7.120507137, 0.5359904251, -0.0003822430397}


         {R, Energy}
SUMMARY: {1.400001, 1.206915364}