Oscillators N=2 2022-12-24  w=0.427984 a=5.46239.nb ( N = 2, M = 4 )
~~~~~~~~~~~~~~~~~~~~~~~~~~~~~~~~~~~~~~
Run Commenced: Mon 26 Dec 2022 03:55:43
Run Completed: Mon 26 Dec 2022 04:13:01
Time Elapsed: 00:17:17

Oscillators Used: 2
Wavefunctions Used: 4
Internuclear Separation: 4.
omega: 0.428
nu : 0.213876

For display purposes, the threshold of Hamiltonian matrix elements has been set to: 10^-6.


    Hamiltonian Matrix A:    < psi_{i,A} | H_k | psi_{j,A} >
    H_1 = T_kin,    H_2 = V_pot,    H_3 = V_1-B,    H_4 = V_A-B

HijkA: {{{0.320988, 0.320988, -0.24994598, 0.2499999375}, {0., 0., -0.06734519096, 0.}, {0.2620856045, -0.2620856045, -0.0003211108413, 0.}, {0., 0., -0.03107389889, 0.}}, {{0., 0., -0.06734519096, 0.}, {0.53498, 0.53498, -0.2855647876, 0.2499999375}, {0., 0., 0.05379906231, 0.}, {0., 0., -0.1012802844, 0.}}, {{0.2620856045, -0.2620856045, -0.0003211108413, 0.}, {0., 0., 0.05379906231, 0.}, {0.748972, 0.748972, -0.2480204873, 0.2499999375}, {0., 0., 0.04820579296, 0.}}, {{0., 0., -0.03107389889, 0.}, {0., 0., -0.1012802844, 0.}, {0., 0., 0.04820579296, 0.}, {0.748972, 0.748972, -0.304519285, 0.2499999375}}}
0.320988       0.             0.262086       0.
0.320988       0.             -0.262086      0.
-0.249946      -0.0673452     -0.000321111   -0.0310739
0.25           0.             0.             0.

0.             0.53498        0.             0.
0.             0.53498        0.             0.
-0.0673452     -0.285565      0.0537991      -0.10128
0.             0.25           0.             0.

0.262086       0.             0.748972       0.
-0.262086      0.             0.748972       0.
-0.000321111   0.0537991      -0.24802       0.0482058
0.             0.             0.25           0.

0.             0.             0.             0.748972
0.             0.             0.             0.748972
-0.0310739     -0.10128       0.0482058      -0.304519
0.             0.             0.             0.25


    Hamiltonian Matrix B:    < psi_{i,B} | H_k | psi_{j,B} >
    H_1 = T_kin,    H_2 = V_pot,    H_3 = V_2-A,    H_4 = V_B-A 

HijkB: {{{0.320988, 0.320988, -0.24994598, 0.2499999375}, {0., 0., -0.06734519096, 0.}, {0.2620856045, -0.2620856045, -0.0003211108413, 0.}, {0., 0., -0.03107389889, 0.}}, {{0., 0., -0.06734519096, 0.}, {0.53498, 0.53498, -0.2855647876, 0.2499999375}, {0., 0., 0.05379906231, 0.}, {0., 0., -0.1012802844, 0.}}, {{0.2620856045, -0.2620856045, -0.0003211108413, 0.}, {0., 0., 0.05379906231, 0.}, {0.748972, 0.748972, -0.2480204873, 0.2499999375}, {0., 0., 0.04820579296, 0.}}, {{0., 0., -0.03107389889, 0.}, {0., 0., -0.1012802844, 0.}, {0., 0., 0.04820579296, 0.}, {0.748972, 0.748972, -0.304519285, 0.2499999375}}}
0.320988       0.             0.262086       0.
0.320988       0.             -0.262086      0.
-0.249946      -0.0673452     -0.000321111   -0.0310739
0.25           0.             0.             0.

0.             0.53498        0.             0.
0.             0.53498        0.             0.
-0.0673452     -0.285565      0.0537991      -0.10128
0.             0.25           0.             0.

0.262086       0.             0.748972       0.
-0.262086      0.             0.748972       0.
-0.000321111   0.0537991      -0.24802       0.0482058
0.             0.             0.25           0.

0.             0.             0.             0.748972
0.             0.             0.             0.748972
-0.0310739     -0.10128       0.0482058      -0.304519
0.             0.             0.             0.25


    Hamiltonian Matrix AB:    < psi_{i1,A} <psi_{i2,B} | V_e-e | psi_{i3,A} <psi_{i4,B} >

HijkAB: {{{{0.2478403767, 0.06247825174, 0.003479977148, 0.02435220794}, {0.06247825174, 0.02535371922, 0.006418147276, 0.01076064202}, {0.00347498071, 0.006418147276, -0.002688120165, 0.006877764327}, {0.02435220794, 0.01076071268, 0.006877764327, 0.004585065946}}, {{0.06247825174, 0.2731657358, -0.04458884868, 0.08265343832}, {0.02535371922, 0.06955030458, -0.01046624216, 0.02873249394}, {0.006418147276, 0.01338420053, -0.007579321585, 0.01642037192}, {0.01076071268, 0.02398374924, 0.0003721358129, 0.009642171125}}, {{0.003479977148, -0.04458884868, 0.2394043227, -0.03287360448}, {0.006418147276, -0.01046624216, 0.04946492577, -0.008352138607}, {-0.002688120165, -0.007579321585, 0.006880085287, -0.0109798375}, {0.006877764327, 0.0003721358129, 0.01334261171, -0.0007634607647}}, {{0.02435220794, 0.08265343832, -0.03287360448, 0.2747344953}, {0.01076064202, 0.02873249394, -0.008352138607, 0.06186095222}, {0.006877764327, 0.01642037192, -0.0109798375, 0.02221133989}, {0.004585065946, 0.009642171125, -0.0007634611895, 0.01736351302}}}, {{{0.06247825174, 0.02535371922, 0.006418147276, 0.01076064202}, {0.2731657358, 0.06955030458, 0.01338420053, 0.02398325741}, {-0.04458884868, -0.01047361929, -0.007579321585, 0.0003721358129}, {0.08265343832, 0.02873234752, 0.01642037192, 0.009642171125}}, {{0.02535371922, 0.06955030458, -0.01046624216, 0.02873249394}, {0.06955030458, 0.289831825, -0.03805853559, 0.08066719114}, {-0.01047361929, -0.03805853559, 0.001060881218, -0.004309551146}, {0.02873234752, 0.08066719114, -0.004309551146, 0.02621731513}}, {{0.006418147276, -0.01046624216, 0.04946492577, -0.008352138607}, {0.01338420053, -0.03805853559, 0.2493105836, -0.0249594099}, {-0.007579321585, 0.001060881218, -0.03388158566, -0.002459065455}, {0.01642037192, -0.004309551146, 0.05847620544, -0.003876875996}}, {{0.01076064202, 0.02873249394, -0.008352138607, 0.06186095222}, {0.02400457724, 0.08066719114, -0.0249594099, 0.2766332962}, {0.0003721358129, -0.004309551146, -0.002459065455, -0.0283119483}, {0.009642171125, 0.02621731513, -0.003876875996, 0.06473790792}}}, {{{0.00347498071, 0.006418147276, -0.002688120165, 0.006877764327}, {-0.04458884868, -0.01047361929, -0.007579321585, 0.0003721358129}, {0.2394042484, 0.04946492577, 0.006871757047, 0.01334261171}, {-0.03287360448, -0.008352138607, -0.0109798375, -0.0007665920171}}, {{0.006418147276, 0.01338420053, -0.007579321585, 0.01642037192}, {-0.01047361929, -0.03805853559, 0.001060881218, -0.004309551146}, {0.04946492577, 0.2493105836, -0.03388158566, 0.05847620544}, {-0.008352138607, -0.0249594099, -0.002459065455, -0.003876875996}}, {{-0.002688120165, -0.007579321585, 0.006880085287, -0.0109798375}, {-0.007579321585, 0.001060881218, -0.03388158566, -0.002459065455}, {0.006871757047, -0.03388158566, 0.2283818371, -0.0190351115}, {-0.0109798375, -0.002459065455, -0.0190351115, -0.001286734667}}, {{0.006877764327, 0.01642037192, -0.0109798375, 0.02221133989}, {0.0003721358129, -0.004309551146, -0.002459065455, -0.0283119483}, {0.01334261171, 0.05847620544, -0.0190351115, 0.2452625312}, {-0.0007665920171, -0.003876875996, -0.001286734667, -0.01614270829}}}, {{{0.02435220794, 0.01076071268, 0.006877764327, 0.004585065946}, {0.08265343832, 0.02873234752, 0.01642037192, 0.009642171125}, {-0.03287360448, -0.008352138607, -0.0109798375, -0.0007665915923}, {0.2747344953, 0.06186095222, 0.02221133989, 0.01736351302}}, {{0.01076071268, 0.02400446696, 0.0003721358129, 0.009642171125}, {0.02873234752, 0.08066719114, -0.004309551146, 0.02621731513}, {-0.008352138607, -0.0249594099, -0.002459065455, -0.003876875996}, {0.06186095222, 0.2766332962, -0.0283119483, 0.06473790792}}, {{0.006877764327, 0.0003721358129, 0.01334261171, -0.0007634607647}, {0.01642037192, -0.004309551146, 0.05847620544, -0.003876875996}, {-0.0109798375, -0.002459065455, -0.0190351115, -0.001286734667}, {0.02221133989, -0.0283119483, 0.2452625312, -0.01614270829}}, {{0.004585065946, 0.009642171125, -0.0007634607647, 0.01736351302}, {0.009642171125, 0.02621731513, -0.003876875996, 0.06473790792}, {-0.0007665920171, -0.003876875996, -0.001286734667, -0.01614270829}, {0.01736351302, 0.06473790792, -0.01614270829, 0.2580633932}}}}
0.24784      0.0624783    0.00347998   0.0243522      0.0624783    0.273166     -0.0445888   0.0826534      0.00347998   -0.0445888   0.239404     -0.0328736     0.0243522    0.0826534    -0.0328736   0.274734
0.0624783    0.0253537    0.00641815   0.0107606      0.0253537    0.0695503    -0.0104662   0.0287325      0.00641815   -0.0104662   0.0494649    -0.00835214    0.0107606    0.0287325    -0.00835214  0.061861
0.00347498   0.00641815   -0.00268812  0.00687776     0.00641815   0.0133842    -0.00757932  0.0164204      -0.00268812  -0.00757932  0.00688009   -0.0109798     0.00687776   0.0164204    -0.0109798   0.0222113
0.0243522    0.0107607    0.00687776   0.00458507     0.0107607    0.0239837    0.000372136  0.00964217     0.00687776   0.000372136  0.0133426    -0.000763461   0.00458507   0.00964217   -0.000763461 0.0173635

0.0624783    0.0253537    0.00641815   0.0107606      0.0253537    0.0695503    -0.0104662   0.0287325      0.00641815   -0.0104662   0.0494649    -0.00835214    0.0107606    0.0287325    -0.00835214  0.061861
0.273166     0.0695503    0.0133842    0.0239833      0.0695503    0.289832     -0.0380585   0.0806672      0.0133842    -0.0380585   0.249311     -0.0249594     0.0240046    0.0806672    -0.0249594   0.276633
-0.0445888   -0.0104736   -0.00757932  0.000372136    -0.0104736   -0.0380585   0.00106088   -0.00430955    -0.00757932  0.00106088   -0.0338816   -0.00245907    0.000372136  -0.00430955  -0.00245907  -0.0283119
0.0826534    0.0287323    0.0164204    0.00964217     0.0287323    0.0806672    -0.00430955  0.0262173      0.0164204    -0.00430955  0.0584762    -0.00387688    0.00964217   0.0262173    -0.00387688  0.0647379

0.00347498   0.00641815   -0.00268812  0.00687776     0.00641815   0.0133842    -0.00757932  0.0164204      -0.00268812  -0.00757932  0.00688009   -0.0109798     0.00687776   0.0164204    -0.0109798   0.0222113
-0.0445888   -0.0104736   -0.00757932  0.000372136    -0.0104736   -0.0380585   0.00106088   -0.00430955    -0.00757932  0.00106088   -0.0338816   -0.00245907    0.000372136  -0.00430955  -0.00245907  -0.0283119
0.239404     0.0494649    0.00687176   0.0133426      0.0494649    0.249311     -0.0338816   0.0584762      0.00687176   -0.0338816   0.228382     -0.0190351     0.0133426    0.0584762    -0.0190351   0.245263
-0.0328736   -0.00835214  -0.0109798   -0.000766592   -0.00835214  -0.0249594   -0.00245907  -0.00387688    -0.0109798   -0.00245907  -0.0190351   -0.00128673    -0.000766592 -0.00387688  -0.00128673  -0.0161427

0.0243522    0.0107607    0.00687776   0.00458507     0.0107607    0.0240045    0.000372136  0.00964217     0.00687776   0.000372136  0.0133426    -0.000763461   0.00458507   0.00964217   -0.000763461 0.0173635
0.0826534    0.0287323    0.0164204    0.00964217     0.0287323    0.0806672    -0.00430955  0.0262173      0.0164204    -0.00430955  0.0584762    -0.00387688    0.00964217   0.0262173    -0.00387688  0.0647379
-0.0328736   -0.00835214  -0.0109798   -0.000766592   -0.00835214  -0.0249594   -0.00245907  -0.00387688    -0.0109798   -0.00245907  -0.0190351   -0.00128673    -0.000766592 -0.00387688  -0.00128673  -0.0161427
0.274734     0.061861     0.0222113    0.0173635      0.061861     0.276633     -0.0283119   0.0647379      0.0222113    -0.0283119   0.245263     -0.0161427     0.0173635    0.0647379    -0.0161427   0.258063


    Hamiltonian Matrix BA:    < psi_{i1,B} <psi_{i2,A} | V_e-e | psi_{i3,B} <psi_{i4,A} >

HijkBA: {{{{0.2478403767, 0.06247825174, 0.003479977148, 0.02435220794}, {0.06247825174, 0.02535371922, 0.006418147276, 0.01076064202}, {0.00347498071, 0.006418147276, -0.002688120165, 0.006877764327}, {0.02435220794, 0.01076071268, 0.006877764327, 0.004585065946}}, {{0.06247825174, 0.2731657358, -0.04458884868, 0.08265343832}, {0.02535371922, 0.06955030458, -0.01046624216, 0.02873249394}, {0.006418147276, 0.01338420053, -0.007579321585, 0.01642037192}, {0.01076071268, 0.02398374924, 0.0003721358129, 0.009642171125}}, {{0.003479977148, -0.04458884868, 0.2394043227, -0.03287360448}, {0.006418147276, -0.01046624216, 0.04946492577, -0.008352138607}, {-0.002688120165, -0.007579321585, 0.006880085287, -0.0109798375}, {0.006877764327, 0.0003721358129, 0.01334261171, -0.0007634607647}}, {{0.02435220794, 0.08265343832, -0.03287360448, 0.2747344953}, {0.01076064202, 0.02873249394, -0.008352138607, 0.06186095222}, {0.006877764327, 0.01642037192, -0.0109798375, 0.02221133989}, {0.004585065946, 0.009642171125, -0.0007634611895, 0.01736351302}}}, {{{0.06247825174, 0.02535371922, 0.006418147276, 0.01076064202}, {0.2731657358, 0.06955030458, 0.01338420053, 0.02398325741}, {-0.04458884868, -0.01047361929, -0.007579321585, 0.0003721358129}, {0.08265343832, 0.02873234752, 0.01642037192, 0.009642171125}}, {{0.02535371922, 0.06955030458, -0.01046624216, 0.02873249394}, {0.06955030458, 0.289831825, -0.03805853559, 0.08066719114}, {-0.01047361929, -0.03805853559, 0.001060881218, -0.004309551146}, {0.02873234752, 0.08066719114, -0.004309551146, 0.02621731513}}, {{0.006418147276, -0.01046624216, 0.04946492577, -0.008352138607}, {0.01338420053, -0.03805853559, 0.2493105836, -0.0249594099}, {-0.007579321585, 0.001060881218, -0.03388158566, -0.002459065455}, {0.01642037192, -0.004309551146, 0.05847620544, -0.003876875996}}, {{0.01076064202, 0.02873249394, -0.008352138607, 0.06186095222}, {0.02400457724, 0.08066719114, -0.0249594099, 0.2766332962}, {0.0003721358129, -0.004309551146, -0.002459065455, -0.0283119483}, {0.009642171125, 0.02621731513, -0.003876875996, 0.06473790792}}}, {{{0.00347498071, 0.006418147276, -0.002688120165, 0.006877764327}, {-0.04458884868, -0.01047361929, -0.007579321585, 0.0003721358129}, {0.2394042484, 0.04946492577, 0.006871757047, 0.01334261171}, {-0.03287360448, -0.008352138607, -0.0109798375, -0.0007665920171}}, {{0.006418147276, 0.01338420053, -0.007579321585, 0.01642037192}, {-0.01047361929, -0.03805853559, 0.001060881218, -0.004309551146}, {0.04946492577, 0.2493105836, -0.03388158566, 0.05847620544}, {-0.008352138607, -0.0249594099, -0.002459065455, -0.003876875996}}, {{-0.002688120165, -0.007579321585, 0.006880085287, -0.0109798375}, {-0.007579321585, 0.001060881218, -0.03388158566, -0.002459065455}, {0.006871757047, -0.03388158566, 0.2283818371, -0.0190351115}, {-0.0109798375, -0.002459065455, -0.0190351115, -0.001286734667}}, {{0.006877764327, 0.01642037192, -0.0109798375, 0.02221133989}, {0.0003721358129, -0.004309551146, -0.002459065455, -0.0283119483}, {0.01334261171, 0.05847620544, -0.0190351115, 0.2452625312}, {-0.0007665920171, -0.003876875996, -0.001286734667, -0.01614270829}}}, {{{0.02435220794, 0.01076071268, 0.006877764327, 0.004585065946}, {0.08265343832, 0.02873234752, 0.01642037192, 0.009642171125}, {-0.03287360448, -0.008352138607, -0.0109798375, -0.0007665915923}, {0.2747344953, 0.06186095222, 0.02221133989, 0.01736351302}}, {{0.01076071268, 0.02400446696, 0.0003721358129, 0.009642171125}, {0.02873234752, 0.08066719114, -0.004309551146, 0.02621731513}, {-0.008352138607, -0.0249594099, -0.002459065455, -0.003876875996}, {0.06186095222, 0.2766332962, -0.0283119483, 0.06473790792}}, {{0.006877764327, 0.0003721358129, 0.01334261171, -0.0007634607647}, {0.01642037192, -0.004309551146, 0.05847620544, -0.003876875996}, {-0.0109798375, -0.002459065455, -0.0190351115, -0.001286734667}, {0.02221133989, -0.0283119483, 0.2452625312, -0.01614270829}}, {{0.004585065946, 0.009642171125, -0.0007634607647, 0.01736351302}, {0.009642171125, 0.02621731513, -0.003876875996, 0.06473790792}, {-0.0007665920171, -0.003876875996, -0.001286734667, -0.01614270829}, {0.01736351302, 0.06473790792, -0.01614270829, 0.2580633932}}}}
0.24784      0.0624783    0.00347998   0.0243522      0.0624783    0.273166     -0.0445888   0.0826534      0.00347998   -0.0445888   0.239404     -0.0328736     0.0243522    0.0826534    -0.0328736   0.274734
0.0624783    0.0253537    0.00641815   0.0107606      0.0253537    0.0695503    -0.0104662   0.0287325      0.00641815   -0.0104662   0.0494649    -0.00835214    0.0107606    0.0287325    -0.00835214  0.061861
0.00347498   0.00641815   -0.00268812  0.00687776     0.00641815   0.0133842    -0.00757932  0.0164204      -0.00268812  -0.00757932  0.00688009   -0.0109798     0.00687776   0.0164204    -0.0109798   0.0222113
0.0243522    0.0107607    0.00687776   0.00458507     0.0107607    0.0239837    0.000372136  0.00964217     0.00687776   0.000372136  0.0133426    -0.000763461   0.00458507   0.00964217   -0.000763461 0.0173635

0.0624783    0.0253537    0.00641815   0.0107606      0.0253537    0.0695503    -0.0104662   0.0287325      0.00641815   -0.0104662   0.0494649    -0.00835214    0.0107606    0.0287325    -0.00835214  0.061861
0.273166     0.0695503    0.0133842    0.0239833      0.0695503    0.289832     -0.0380585   0.0806672      0.0133842    -0.0380585   0.249311     -0.0249594     0.0240046    0.0806672    -0.0249594   0.276633
-0.0445888   -0.0104736   -0.00757932  0.000372136    -0.0104736   -0.0380585   0.00106088   -0.00430955    -0.00757932  0.00106088   -0.0338816   -0.00245907    0.000372136  -0.00430955  -0.00245907  -0.0283119
0.0826534    0.0287323    0.0164204    0.00964217     0.0287323    0.0806672    -0.00430955  0.0262173      0.0164204    -0.00430955  0.0584762    -0.00387688    0.00964217   0.0262173    -0.00387688  0.0647379

0.00347498   0.00641815   -0.00268812  0.00687776     0.00641815   0.0133842    -0.00757932  0.0164204      -0.00268812  -0.00757932  0.00688009   -0.0109798     0.00687776   0.0164204    -0.0109798   0.0222113
-0.0445888   -0.0104736   -0.00757932  0.000372136    -0.0104736   -0.0380585   0.00106088   -0.00430955    -0.00757932  0.00106088   -0.0338816   -0.00245907    0.000372136  -0.00430955  -0.00245907  -0.0283119
0.239404     0.0494649    0.00687176   0.0133426      0.0494649    0.249311     -0.0338816   0.0584762      0.00687176   -0.0338816   0.228382     -0.0190351     0.0133426    0.0584762    -0.0190351   0.245263
-0.0328736   -0.00835214  -0.0109798   -0.000766592   -0.00835214  -0.0249594   -0.00245907  -0.00387688    -0.0109798   -0.00245907  -0.0190351   -0.00128673    -0.000766592 -0.00387688  -0.00128673  -0.0161427

0.0243522    0.0107607    0.00687776   0.00458507     0.0107607    0.0240045    0.000372136  0.00964217     0.00687776   0.000372136  0.0133426    -0.000763461   0.00458507   0.00964217   -0.000763461 0.0173635
0.0826534    0.0287323    0.0164204    0.00964217     0.0287323    0.0806672    -0.00430955  0.0262173      0.0164204    -0.00430955  0.0584762    -0.00387688    0.00964217   0.0262173    -0.00387688  0.0647379
-0.0328736   -0.00835214  -0.0109798   -0.000766592   -0.00835214  -0.0249594   -0.00245907  -0.00387688    -0.0109798   -0.00245907  -0.0190351   -0.00128673    -0.000766592 -0.00387688  -0.00128673  -0.0161427
0.274734     0.061861     0.0222113    0.0173635      0.061861     0.276633     -0.0283119   0.0647379      0.0222113    -0.0283119   0.245263     -0.0161427     0.0173635    0.0647379    -0.0161427   0.258063


Energy:  {1.281661456}


Coefficients: {{0.9999024457, 0.01051136044, -0.004300829767, 0.008131001908}, {0.9999024457, 0.01051136044, -0.004300829767, 0.008131001908}}


r2: {3.531992792, 3.531992792}
r2f: {3.506712852}


r3: {8.15415891, 8.15415891}
r3f: {8.066747702}


alpha: {5.52158041, 5.52158041}
alphaf: {5.46239}




~~~XDM (a1=0.65, a2=3.17474)~~~

M1^2: {3.507367098, 3.507367098}
M1f^2: {3.506712852}

M2^2: {20.50392889, 20.50392889}
M2f^2: {20.49505838}

M3^2: {167.82134, 167.82134}
M3f^2: {167.6973308}

C6XDM: {{9.683104731, 9.683104731}, {9.683104731, 9.683104731}}
C6XDMf: {9.577516609}

C8XDM: {{169.8211382, 169.8211382}, {169.8211382, 169.8211382}}
C8XDMf: {167.9280029}

C10XDM: {{3243.152736, 3243.152736}, {3243.152736, 3243.152736}}
C10XDMf: {3206.09878}

EXDMC6: {-0.002364035695}
EXDMC8: {-0.002591259743}
EXDMC10: {-0.003092903736}

EXDMBJC6: {-0.0001987117881}
EXDMBJC8: {-0.0001029983685}
EXDMBJC10: {-0.00005668920785}

EXDM: {-0.008048199174}
EXDMBJ: {-0.0003583993645}




~~~TS (dTS=20, sR=0.62)~~~

C6TS: {{9.786204961, 9.786204961}, {9.786204961, 9.786204961}}
C6TSf: {9.577516609}

ETS: {-0.002389206612}
ETSWY: {-0.001615928684}




~~~MBD~~~

 alpha: {5.595497616, 5.595497616}
  C6ii: {9.958427669, 9.958427669}
 omega: {0.4240841877, 0.4240841877}
lambda: {0.209925309, 0.1954691969, 0.1954691969, 0.1642255997, 0.1642255997, 0.1497694876}
Energy: {-0.002297651143}

~~~MBD@rsSCS (drsSCS=6, sR=0.62)~~~

 alpha: {5.5324687, 5.5324687}
  C6ii: {9.813621873, 9.813621873}
 omega: {0.4274941004, 0.4274941004}
lambda: {0.200288528, 0.1915198669, 0.1915198669, 0.1739825448, 0.1739825448, 0.1652138837}
Energy: {-0.0007397380558}




~~~MBDFree1~~~

 alpha: {5.534305419, 5.534305419}
  C6ii: {9.743046033, 9.743046033}
 omega: {0.4241380601, 0.4241380601}
lambda: {0.2096966744, 0.1953521347, 0.1953521347, 0.1644340534, 0.1644340534, 0.1500895138}
Energy: {-0.002252726329}

~~~MBDFree1@rsSCS (drsSCS=6, sR=0.62)~~~

 alpha: {5.473070977, 5.473070977}
  C6ii: {9.604023239, 9.604023239}
 omega: {0.4274937584, 0.4274937584}
lambda: {0.2000999235, 0.1914254185, 0.1914254185, 0.1740764084, 0.1740764084, 0.1654019034}
Energy: {-0.0007239051905}




~~~MBDFree2~~~

 alpha: {5.534305419, 5.534305419}
  C6ii: {9.955341172, 9.955341172}
 omega: {0.4333797745, 0.4333797745}
lambda: {0.2189345637, 0.2039580957, 0.2039580957, 0.1716779622, 0.1716779622, 0.1567014942}
Energy: {-0.002301811887}

~~~MBDFree2@rsSCS (drsSCS=6, sR=0.62)~~~

 alpha: {5.473070977, 5.473070977}
  C6ii: {9.813289154, 9.813289154}
 omega: {0.4368085914, 0.4368085914}
lambda: {0.2089150416, 0.1998583936, 0.1998583936, 0.1817450975, 0.1817450975, 0.1726884495}
Energy: {-0.0007396786512}




~~~MBD@XDM1~~~

 alpha: {5.56534561, 5.56534561}
  C6ii: {9.852007564, 9.852007564}
 omega: {0.4241106658, 0.4241106658}
lambda: {0.2098128213, 0.1954114869, 0.1954114869, 0.1643282268, 0.1643282268, 0.1499268924}
Energy: {-0.002275482809}

~~~MBD@XDM1@rsSCS (drsSCS=6, sR=0.62)~~~

 alpha: {5.503204152, 5.503204152}
  C6ii: {9.710071368, 9.710071368}
 omega: {0.4274938885, 0.4274938885}
lambda: {0.2001955641, 0.1914732944, 0.1914732944, 0.174028755, 0.174028755, 0.1653064853}
Energy: {-0.0007319157733}




~~~MBD@XDM2~~~

 alpha: {5.595497616, 5.595497616}
  C6ii: {9.853513027, 9.853513027}
 omega: {0.4196163498, 0.4196163498}
lambda: {0.2055253728, 0.1913722541, 0.1913722541, 0.160783508, 0.160783508, 0.1466303893}
Energy: {-0.002273444787}

~~~MBD@XDM2@rsSCS (drsSCS=6, sR=0.62)~~~

 alpha: {5.5324687, 5.5324687}
  C6ii: {9.710232799, 9.710232799}
 omega: {0.4229903381, 0.4229903381}
lambda: {0.1960905742, 0.1875057002, 0.1875057002, 0.1703359521, 0.1703359521, 0.1617510781}
Energy: {-0.0007319447218}




    ENERGY MATRIX: {Non-Interacting, Electron-Nuclear, Electron-Electron, Nuclear-Nuclear, Total Energy}
Oscillator 1 Energy: {0.6420957111, -0.2518971898, 0.1256322381, 0.1249999688, 0.6408307281}
Oscillator 2 Energy: {0.6420957111, -0.2518971898, 0.1256322381, 0.1249999688, 0.6408307281}
Energy Totals: {1.284191422, -0.5037943796, 0.2512644762, 0.2499999375, 1.281661456}


    COEFFICIENT MATRIX: {c1, c2, c5, c6, c11, c14}
Oscillator 1 Cs: {0.9999024457, 0.01051136044, -0.004300829767, 0.008131001908}
Oscillator 2 Cs: {0.9999024457, 0.01051136044, -0.004300829767, 0.008131001908}


    GENERAL RESULTS: {R, E, r2, r2f, r3, r3f, alpha, alphaf}
Oscillator 1 General Results: {4.000001, 1.281661456, 3.531992792, 3.506712852, 8.15415891, 8.066747702, 5.52158041, 5.46239}
Oscillator 2 General Results: {4.000001, 1.281661456, 3.531992792, 3.506712852, 8.15415891, 8.066747702, 5.52158041, 5.46239}


    XDM RESULTS: {M1^2, M1f^2, M2^2, M2f^2, M3^2, M3f^2, C6XDMii, C6XDMij, C6XDMf, C8XDMii, C8XDMij, C8XDMf, C10XDMii, C10XDMij, C10XDMf, EXDMC6, EXDMC8, EXDMC10, EXDMBJC6, EXDMBJC8, EXDMBJC10, EXDM, EXDMBJ}
Oscillator 1 XDM Results: {3.507367098, 3.506712852, 20.50392889, 20.49505838, 167.82134, 167.6973308, 9.683104731, {{9.683104731, 9.683104731}, {9.683104731, 9.683104731}}, 9.577516609, 169.8211382, {{169.8211382, 169.8211382}, {169.8211382, 169.8211382}}, 167.9280029, 3243.152736, {{3243.152736, 3243.152736}, {3243.152736, 3243.152736}}, 3206.09878, -0.002364035695, -0.002591259743, -0.003092903736, -0.0001987117881, -0.0001029983685, -0.00005668920785, -0.008048199174, -0.0003583993645}
Oscillator 2 XDM Results: {3.507367098, 3.506712852, 20.50392889, 20.49505838, 167.82134, 167.6973308, 9.683104731, {{9.683104731, 9.683104731}, {9.683104731, 9.683104731}}, 9.577516609, 169.8211382, {{169.8211382, 169.8211382}, {169.8211382, 169.8211382}}, 167.9280029, 3243.152736, {{3243.152736, 3243.152736}, {3243.152736, 3243.152736}}, 3206.09878, -0.002364035695, -0.002591259743, -0.003092903736, -0.0001987117881, -0.0001029983685, -0.00005668920785, -0.008048199174, -0.0003583993645}


    TS RESULTS: {C6TSii, C6TSij, C6TSf, ETS, ETSWY}
Oscillator 1 TS Results: {9.786204961, {{9.786204961, 9.786204961}, {9.786204961, 9.786204961}}, 9.577516609, -0.002389206612, -0.001615928684}
Oscillator 2 TS Results: {9.786204961, {{9.786204961, 9.786204961}, {9.786204961, 9.786204961}}, 9.577516609, -0.002389206612, -0.001615928684}


    MBD RESULTS: {MBD_alpha, MBD_C6, MBD_omega, MBD_Energy, MBDF1_alpha, MBDF1_C6, MBDF1_omega, MBDF1_Energy, MBDF2_alpha, MBDF2_C6, MBDF2_omega, MBDF2_Energy, MBDX1_alpha, MBDX1_C6, MBDX1_omega, MBDX1_Energy, MBDX2_alpha, MBDX2_C6, MBDX2_omega, MBDX2_Energy}
Oscillator 1 MBD Results: {5.595497616, 9.958427669, 0.4240841877, -0.002297651143, 5.534305419, 9.743046033, 0.4241380601, -0.002252726329, 5.534305419, 9.955341172, 0.4333797745, -0.002301811887, 5.56534561, 9.852007564, 0.4241106658, -0.002275482809, 5.595497616, 9.853513027, 0.4196163498, -0.002273444787}
Oscillator 2 MBD Results: {5.595497616, 9.958427669, 0.4240841877, -0.002297651143, 5.534305419, 9.743046033, 0.4241380601, -0.002252726329, 5.534305419, 9.955341172, 0.4333797745, -0.002301811887, 5.56534561, 9.852007564, 0.4241106658, -0.002275482809, 5.595497616, 9.853513027, 0.4196163498, -0.002273444787}


    MBDRSSCS RESULTS: {MBDrsSCS_alpha, MBDrsSCS_C6, MBDrsSCS_omega, MBDrsSCS_Energy, MBDF1rsSCS_alpha, MBDF1rsSCS_C6, MBDF1rsSCS_omega, MBDF1rsSCS_Energy, MBDF2rsSCS_alpha, MBDF2rsSCS_C6, MBDF2rsSCS_omega, MBDF2rsSCS_Energy, MBDX1rsSCS_alpha, MBDX1rsSCS_C6, MBDX1rsSCS_omega, MBDX1rsSCS_Energy, MBDX2rsSCS_alpha, MBDX2rsSCS_C6, MBDX2rsSCS_omega, MBDX2rsSCS_Energy}
Oscillator 1 MBDrsSCS Results: {5.5324687, 9.813621873, 0.4274941004, -0.0007397380558, 5.473070977, 9.604023239, 0.4274937584, -0.0007239051905, 5.473070977, 9.813289154, 0.4368085914, -0.0007396786512, 5.503204152, 9.710071368, 0.4274938885, -0.0007319157733, 5.5324687, 9.710232799, 0.4229903381, -0.0007319447218}
Oscillator 2 MBDrsSCS Results: {5.5324687, 9.813621873, 0.4274941004, -0.0007397380558, 5.473070977, 9.604023239, 0.4274937584, -0.0007239051905, 5.473070977, 9.813289154, 0.4368085914, -0.0007396786512, 5.503204152, 9.710071368, 0.4274938885, -0.0007319157733, 5.5324687, 9.710232799, 0.4229903381, -0.0007319447218}


         {R, Energy}
SUMMARY: {4.000001, 1.281661456}