Oscillators N=2 2022-12-24  w=0.427984 a=5.46239.nb ( N = 2, M = 4 )
~~~~~~~~~~~~~~~~~~~~~~~~~~~~~~~~~~~~~~
Run Commenced: Mon 26 Dec 2022 02:41:58
Run Completed: Mon 26 Dec 2022 02:58:49
Time Elapsed: 00:16:50

Oscillators Used: 2
Wavefunctions Used: 4
Internuclear Separation: 2.8
omega: 0.428
nu : 0.213876

For display purposes, the threshold of Hamiltonian matrix elements has been set to: 10^-6.


    Hamiltonian Matrix A:    < psi_{i,A} | H_k | psi_{j,A} >
    H_1 = T_kin,    H_2 = V_pot,    H_3 = V_1-B,    H_4 = V_A-B

HijkA: {{{0.320988, 0.320988, -0.3537131506, 0.3571427296}, {0., 0., -0.1266166009, 0.}, {0.2620856045, -0.2620856045, -0.01053265507, 0.}, {0., 0., -0.06978490985, 0.}}, {{0., 0., -0.1266166009, 0.}, {0.53498, 0.53498, -0.4256938394, 0.3571427296}, {0., 0., 0.07610439412, 0.}, {0., 0., -0.188465603, 0.}}, {{0.2620856045, -0.2620856045, -0.01053265507, 0.}, {0., 0., 0.07610439412, 0.}, {0.748972, 0.748972, -0.3205728989, 0.3571427296}, {0., 0., 0.07317193173, 0.}}, {{0., 0., -0.06978490985, 0.}, {0., 0., -0.188465603, 0.}, {0., 0., 0.07317193173, 0.}, {0.748972, 0.748972, -0.4417413027, 0.3571427296}}}
0.320988     0.           0.262086     0.
0.320988     0.           -0.262086    0.
-0.353713    -0.126617    -0.0105327   -0.0697849
0.357143     0.           0.           0.

0.           0.53498      0.           0.
0.           0.53498      0.           0.
-0.126617    -0.425694    0.0761044    -0.188466
0.           0.357143     0.           0.

0.262086     0.           0.748972     0.
-0.262086    0.           0.748972     0.
-0.0105327   0.0761044    -0.320573    0.0731719
0.           0.           0.357143     0.

0.           0.           0.           0.748972
0.           0.           0.           0.748972
-0.0697849   -0.188466    0.0731719    -0.441741
0.           0.           0.           0.357143


    Hamiltonian Matrix B:    < psi_{i,B} | H_k | psi_{j,B} >
    H_1 = T_kin,    H_2 = V_pot,    H_3 = V_2-A,    H_4 = V_B-A 

HijkB: {{{0.320988, 0.320988, -0.3537131506, 0.3571427296}, {0., 0., -0.1266166009, 0.}, {0.2620856045, -0.2620856045, -0.01053265507, 0.}, {0., 0., -0.06978490985, 0.}}, {{0., 0., -0.1266166009, 0.}, {0.53498, 0.53498, -0.4256938394, 0.3571427296}, {0., 0., 0.07610439412, 0.}, {0., 0., -0.188465603, 0.}}, {{0.2620856045, -0.2620856045, -0.01053265507, 0.}, {0., 0., 0.07610439412, 0.}, {0.748972, 0.748972, -0.3205728989, 0.3571427296}, {0., 0., 0.07317193173, 0.}}, {{0., 0., -0.06978490985, 0.}, {0., 0., -0.188465603, 0.}, {0., 0., 0.07317193173, 0.}, {0.748972, 0.748972, -0.4417413027, 0.3571427296}}}
0.320988     0.           0.262086     0.
0.320988     0.           -0.262086    0.
-0.353713    -0.126617    -0.0105327   -0.0697849
0.357143     0.           0.           0.

0.           0.53498      0.           0.
0.           0.53498      0.           0.
-0.126617    -0.425694    0.0761044    -0.188466
0.           0.357143     0.           0.

0.262086     0.           0.748972     0.
-0.262086    0.           0.748972     0.
-0.0105327   0.0761044    -0.320573    0.0731719
0.           0.           0.357143     0.

0.           0.           0.           0.748972
0.           0.           0.           0.748972
-0.0697849   -0.188466    0.0731719    -0.441741
0.           0.           0.           0.357143


    Hamiltonian Matrix AB:    < psi_{i1,A} <psi_{i2,B} | V_e-e | psi_{i3,A} <psi_{i4,B} >

HijkAB: {{{{0.3333523783, 0.09143740124, 0.01985311873, 0.03300788863}, {0.09143740124, 0.02168774876, 0.02581212469, 0.001503899838}, {0.01985425766, 0.02581212469, -0.001453931048, 0.01928476871}, {0.03300788863, 0.001503899838, 0.01928476871, -0.00103308713}}, {{0.09143740124, 0.3551205425, -0.04845839932, 0.1067992675}, {0.02168774876, 0.07178695022, 0.005917227456, 0.007912516065}, {0.02581212469, 0.04330143774, -0.01237672607, 0.03998808474}, {0.001503899838, 0.0159533771, 0.009017885722, -0.002999578355}}, {{0.01985311873, -0.04845839932, 0.299485757, -0.03439887734}, {0.02581212469, 0.005917227456, 0.05775757042, 0.007975551337}, {-0.001453931048, -0.01237672607, 0.01615795875, -0.01712936966}, {0.01928476871, 0.009017885722, 0.01563353848, 0.003049165046}}, {{0.03300788863, 0.1067992675, -0.03439887734, 0.3379255736}, {0.001503899838, 0.007912516065, 0.007975551337, 0.04618127884}, {0.01928476871, 0.03998808474, -0.01712936966, 0.04594514889}, {-0.00103308713, -0.002999578355, 0.0030491649, 0.007975925581}}}, {{{0.09143740124, 0.02168774876, 0.02581212469, 0.001503899838}, {0.3551205425, 0.07161660361, 0.04330143774, 0.01596228453}, {-0.04845839932, 0.005921858399, -0.01237672607, 0.009017885722}, {0.1067992675, 0.007912516065, 0.03998808474, -0.002999578355}}, {{0.02168774876, 0.07178695022, 0.005917227456, 0.007912516065}, {0.07161660361, 0.3378469483, -0.02807005376, 0.07058895138}, {0.005921858399, -0.02807005376, -0.002343938906, 0.01056633302}, {0.007912516065, 0.07058895138, 0.01056633302, -0.002440857748}}, {{0.02581212469, 0.005917227456, 0.05775757042, 0.007975551337}, {0.04330143774, -0.02807005376, 0.304193519, -0.01668863468}, {-0.01237672607, -0.002343938906, -0.0362838134, -0.005191099002}, {0.03998808474, 0.01056633302, 0.06920145558, 0.006699843481}}, {{0.001503899838, 0.007912516065, 0.007975551337, 0.04618127884}, {0.01596181783, 0.07058895138, -0.01668863468, 0.3093793165}, {0.009017885722, 0.01056633302, -0.005191099002, -0.02400478588}, {-0.002999578355, -0.002440857748, 0.006699843481, 0.04727104368}}}, {{{0.01985425766, 0.02581212469, -0.001453931048, 0.01928476871}, {-0.04845839932, 0.005921858399, -0.01237672607, 0.009017885722}, {0.2994879092, 0.05775757042, 0.01615084131, 0.01563353848}, {-0.03439887734, 0.007975551337, -0.01712936966, 0.00309111426}}, {{0.02581212469, 0.04330143774, -0.01237672607, 0.03998808474}, {0.005921858399, -0.02807005376, -0.002343938906, 0.01056633302}, {0.05775757042, 0.304193645, -0.0362838134, 0.06920145558}, {0.007975551337, -0.01668863468, -0.005189932702, 0.006699843481}}, {{-0.001453931048, -0.01237672607, 0.01615795875, -0.01712936966}, {-0.01237672607, -0.002343938906, -0.0362838134, -0.005191099002}, {0.01615084131, -0.0362838134, 0.2736866374, -0.0185001854}, {-0.01712936966, -0.005189932702, -0.0185001854, -0.0001032511964}}, {{0.01928476871, 0.03998808474, -0.01712936966, 0.04594514889}, {0.009017885722, 0.01056633302, -0.005191099002, -0.02400478588}, {0.01563353848, 0.06920145558, -0.0185001854, 0.295059788}, {0.00309111426, 0.006699843481, -0.0001032511964, -0.01196900642}}}, {{{0.03300788863, 0.001503899838, 0.01928476871, -0.00103308713}, {0.1067992675, 0.007912516065, 0.03998808474, -0.002999578355}, {-0.03439887734, 0.007975551337, -0.01712936966, 0.003091114406}, {0.3379255736, 0.04618127884, 0.04594514889, 0.007975925581}}, {{0.001503899838, 0.01595407131, 0.009017885722, -0.002999578355}, {0.007912516065, 0.07058895138, 0.01056633302, -0.002440857748}, {0.007975551337, -0.01668863468, -0.005189932702, 0.006699843481}, {0.04618127884, 0.3093793165, -0.02400478588, 0.04727104368}}, {{0.01928476871, 0.009017885722, 0.01563353848, 0.003049165046}, {0.03998808474, 0.01056633302, 0.06920145558, 0.006699843481}, {-0.01712936966, -0.005189932702, -0.0185001854, -0.0001032511964}, {0.04594514889, -0.02400478588, 0.295059788, -0.01196900642}}, {{-0.00103308713, -0.002999578355, 0.003049165046, 0.007975925581}, {-0.002999578355, -0.002440857748, 0.006699843481, 0.04727104368}, {0.00309111426, 0.006699843481, -0.0001032511964, -0.01196900642}, {0.007975925581, 0.04727104368, -0.01196900642, 0.2838560793}}}}
0.333352     0.0914374    0.0198531    0.0330079      0.0914374    0.355121     -0.0484584   0.106799       0.0198531    -0.0484584   0.299486     -0.0343989     0.0330079    0.106799     -0.0343989   0.337926
0.0914374    0.0216877    0.0258121    0.0015039      0.0216877    0.071787     0.00591723   0.00791252     0.0258121    0.00591723   0.0577576    0.00797555     0.0015039    0.00791252   0.00797555   0.0461813
0.0198543    0.0258121    -0.00145393  0.0192848      0.0258121    0.0433014    -0.0123767   0.0399881      -0.00145393  -0.0123767   0.016158     -0.0171294     0.0192848    0.0399881    -0.0171294   0.0459451
0.0330079    0.0015039    0.0192848    -0.00103309    0.0015039    0.0159534    0.00901789   -0.00299958    0.0192848    0.00901789   0.0156335    0.00304917     -0.00103309  -0.00299958  0.00304916   0.00797593

0.0914374    0.0216877    0.0258121    0.0015039      0.0216877    0.071787     0.00591723   0.00791252     0.0258121    0.00591723   0.0577576    0.00797555     0.0015039    0.00791252   0.00797555   0.0461813
0.355121     0.0716166    0.0433014    0.0159623      0.0716166    0.337847     -0.0280701   0.070589       0.0433014    -0.0280701   0.304194     -0.0166886     0.0159618    0.070589     -0.0166886   0.309379
-0.0484584   0.00592186   -0.0123767   0.00901789     0.00592186   -0.0280701   -0.00234394  0.0105663      -0.0123767   -0.00234394  -0.0362838   -0.0051911     0.00901789   0.0105663    -0.0051911   -0.0240048
0.106799     0.00791252   0.0399881    -0.00299958    0.00791252   0.070589     0.0105663    -0.00244086    0.0399881    0.0105663    0.0692015    0.00669984     -0.00299958  -0.00244086  0.00669984   0.047271

0.0198543    0.0258121    -0.00145393  0.0192848      0.0258121    0.0433014    -0.0123767   0.0399881      -0.00145393  -0.0123767   0.016158     -0.0171294     0.0192848    0.0399881    -0.0171294   0.0459451
-0.0484584   0.00592186   -0.0123767   0.00901789     0.00592186   -0.0280701   -0.00234394  0.0105663      -0.0123767   -0.00234394  -0.0362838   -0.0051911     0.00901789   0.0105663    -0.0051911   -0.0240048
0.299488     0.0577576    0.0161508    0.0156335      0.0577576    0.304194     -0.0362838   0.0692015      0.0161508    -0.0362838   0.273687     -0.0185002     0.0156335    0.0692015    -0.0185002   0.29506
-0.0343989   0.00797555   -0.0171294   0.00309111     0.00797555   -0.0166886   -0.00518993  0.00669984     -0.0171294   -0.00518993  -0.0185002   -0.000103251   0.00309111   0.00669984   -0.000103251 -0.011969

0.0330079    0.0015039    0.0192848    -0.00103309    0.0015039    0.0159541    0.00901789   -0.00299958    0.0192848    0.00901789   0.0156335    0.00304917     -0.00103309  -0.00299958  0.00304917   0.00797593
0.106799     0.00791252   0.0399881    -0.00299958    0.00791252   0.070589     0.0105663    -0.00244086    0.0399881    0.0105663    0.0692015    0.00669984     -0.00299958  -0.00244086  0.00669984   0.047271
-0.0343989   0.00797555   -0.0171294   0.00309111     0.00797555   -0.0166886   -0.00518993  0.00669984     -0.0171294   -0.00518993  -0.0185002   -0.000103251   0.00309111   0.00669984   -0.000103251 -0.011969
0.337926     0.0461813    0.0459451    0.00797593     0.0461813    0.309379     -0.0240048   0.047271       0.0459451    -0.0240048   0.29506      -0.011969      0.00797593   0.047271     -0.011969    0.283856


    Hamiltonian Matrix BA:    < psi_{i1,B} <psi_{i2,A} | V_e-e | psi_{i3,B} <psi_{i4,A} >

HijkBA: {{{{0.3333523783, 0.09143740124, 0.01985311873, 0.03300788863}, {0.09143740124, 0.02168774876, 0.02581212469, 0.001503899838}, {0.01985425766, 0.02581212469, -0.001453931048, 0.01928476871}, {0.03300788863, 0.001503899838, 0.01928476871, -0.00103308713}}, {{0.09143740124, 0.3551205425, -0.04845839932, 0.1067992675}, {0.02168774876, 0.07178695022, 0.005917227456, 0.007912516065}, {0.02581212469, 0.04330143774, -0.01237672607, 0.03998808474}, {0.001503899838, 0.0159533771, 0.009017885722, -0.002999578355}}, {{0.01985311873, -0.04845839932, 0.299485757, -0.03439887734}, {0.02581212469, 0.005917227456, 0.05775757042, 0.007975551337}, {-0.001453931048, -0.01237672607, 0.01615795875, -0.01712936966}, {0.01928476871, 0.009017885722, 0.01563353848, 0.003049165046}}, {{0.03300788863, 0.1067992675, -0.03439887734, 0.3379255736}, {0.001503899838, 0.007912516065, 0.007975551337, 0.04618127884}, {0.01928476871, 0.03998808474, -0.01712936966, 0.04594514889}, {-0.00103308713, -0.002999578355, 0.0030491649, 0.007975925581}}}, {{{0.09143740124, 0.02168774876, 0.02581212469, 0.001503899838}, {0.3551205425, 0.07161660361, 0.04330143774, 0.01596228453}, {-0.04845839932, 0.005921858399, -0.01237672607, 0.009017885722}, {0.1067992675, 0.007912516065, 0.03998808474, -0.002999578355}}, {{0.02168774876, 0.07178695022, 0.005917227456, 0.007912516065}, {0.07161660361, 0.3378469483, -0.02807005376, 0.07058895138}, {0.005921858399, -0.02807005376, -0.002343938906, 0.01056633302}, {0.007912516065, 0.07058895138, 0.01056633302, -0.002440857748}}, {{0.02581212469, 0.005917227456, 0.05775757042, 0.007975551337}, {0.04330143774, -0.02807005376, 0.304193519, -0.01668863468}, {-0.01237672607, -0.002343938906, -0.0362838134, -0.005191099002}, {0.03998808474, 0.01056633302, 0.06920145558, 0.006699843481}}, {{0.001503899838, 0.007912516065, 0.007975551337, 0.04618127884}, {0.01596181783, 0.07058895138, -0.01668863468, 0.3093793165}, {0.009017885722, 0.01056633302, -0.005191099002, -0.02400478588}, {-0.002999578355, -0.002440857748, 0.006699843481, 0.04727104368}}}, {{{0.01985425766, 0.02581212469, -0.001453931048, 0.01928476871}, {-0.04845839932, 0.005921858399, -0.01237672607, 0.009017885722}, {0.2994879092, 0.05775757042, 0.01615084131, 0.01563353848}, {-0.03439887734, 0.007975551337, -0.01712936966, 0.00309111426}}, {{0.02581212469, 0.04330143774, -0.01237672607, 0.03998808474}, {0.005921858399, -0.02807005376, -0.002343938906, 0.01056633302}, {0.05775757042, 0.304193645, -0.0362838134, 0.06920145558}, {0.007975551337, -0.01668863468, -0.005189932702, 0.006699843481}}, {{-0.001453931048, -0.01237672607, 0.01615795875, -0.01712936966}, {-0.01237672607, -0.002343938906, -0.0362838134, -0.005191099002}, {0.01615084131, -0.0362838134, 0.2736866374, -0.0185001854}, {-0.01712936966, -0.005189932702, -0.0185001854, -0.0001032511964}}, {{0.01928476871, 0.03998808474, -0.01712936966, 0.04594514889}, {0.009017885722, 0.01056633302, -0.005191099002, -0.02400478588}, {0.01563353848, 0.06920145558, -0.0185001854, 0.295059788}, {0.00309111426, 0.006699843481, -0.0001032511964, -0.01196900642}}}, {{{0.03300788863, 0.001503899838, 0.01928476871, -0.00103308713}, {0.1067992675, 0.007912516065, 0.03998808474, -0.002999578355}, {-0.03439887734, 0.007975551337, -0.01712936966, 0.003091114406}, {0.3379255736, 0.04618127884, 0.04594514889, 0.007975925581}}, {{0.001503899838, 0.01595407131, 0.009017885722, -0.002999578355}, {0.007912516065, 0.07058895138, 0.01056633302, -0.002440857748}, {0.007975551337, -0.01668863468, -0.005189932702, 0.006699843481}, {0.04618127884, 0.3093793165, -0.02400478588, 0.04727104368}}, {{0.01928476871, 0.009017885722, 0.01563353848, 0.003049165046}, {0.03998808474, 0.01056633302, 0.06920145558, 0.006699843481}, {-0.01712936966, -0.005189932702, -0.0185001854, -0.0001032511964}, {0.04594514889, -0.02400478588, 0.295059788, -0.01196900642}}, {{-0.00103308713, -0.002999578355, 0.003049165046, 0.007975925581}, {-0.002999578355, -0.002440857748, 0.006699843481, 0.04727104368}, {0.00309111426, 0.006699843481, -0.0001032511964, -0.01196900642}, {0.007975925581, 0.04727104368, -0.01196900642, 0.2838560793}}}}
0.333352     0.0914374    0.0198531    0.0330079      0.0914374    0.355121     -0.0484584   0.106799       0.0198531    -0.0484584   0.299486     -0.0343989     0.0330079    0.106799     -0.0343989   0.337926
0.0914374    0.0216877    0.0258121    0.0015039      0.0216877    0.071787     0.00591723   0.00791252     0.0258121    0.00591723   0.0577576    0.00797555     0.0015039    0.00791252   0.00797555   0.0461813
0.0198543    0.0258121    -0.00145393  0.0192848      0.0258121    0.0433014    -0.0123767   0.0399881      -0.00145393  -0.0123767   0.016158     -0.0171294     0.0192848    0.0399881    -0.0171294   0.0459451
0.0330079    0.0015039    0.0192848    -0.00103309    0.0015039    0.0159534    0.00901789   -0.00299958    0.0192848    0.00901789   0.0156335    0.00304917     -0.00103309  -0.00299958  0.00304916   0.00797593

0.0914374    0.0216877    0.0258121    0.0015039      0.0216877    0.071787     0.00591723   0.00791252     0.0258121    0.00591723   0.0577576    0.00797555     0.0015039    0.00791252   0.00797555   0.0461813
0.355121     0.0716166    0.0433014    0.0159623      0.0716166    0.337847     -0.0280701   0.070589       0.0433014    -0.0280701   0.304194     -0.0166886     0.0159618    0.070589     -0.0166886   0.309379
-0.0484584   0.00592186   -0.0123767   0.00901789     0.00592186   -0.0280701   -0.00234394  0.0105663      -0.0123767   -0.00234394  -0.0362838   -0.0051911     0.00901789   0.0105663    -0.0051911   -0.0240048
0.106799     0.00791252   0.0399881    -0.00299958    0.00791252   0.070589     0.0105663    -0.00244086    0.0399881    0.0105663    0.0692015    0.00669984     -0.00299958  -0.00244086  0.00669984   0.047271

0.0198543    0.0258121    -0.00145393  0.0192848      0.0258121    0.0433014    -0.0123767   0.0399881      -0.00145393  -0.0123767   0.016158     -0.0171294     0.0192848    0.0399881    -0.0171294   0.0459451
-0.0484584   0.00592186   -0.0123767   0.00901789     0.00592186   -0.0280701   -0.00234394  0.0105663      -0.0123767   -0.00234394  -0.0362838   -0.0051911     0.00901789   0.0105663    -0.0051911   -0.0240048
0.299488     0.0577576    0.0161508    0.0156335      0.0577576    0.304194     -0.0362838   0.0692015      0.0161508    -0.0362838   0.273687     -0.0185002     0.0156335    0.0692015    -0.0185002   0.29506
-0.0343989   0.00797555   -0.0171294   0.00309111     0.00797555   -0.0166886   -0.00518993  0.00669984     -0.0171294   -0.00518993  -0.0185002   -0.000103251   0.00309111   0.00669984   -0.000103251 -0.011969

0.0330079    0.0015039    0.0192848    -0.00103309    0.0015039    0.0159541    0.00901789   -0.00299958    0.0192848    0.00901789   0.0156335    0.00304917     -0.00103309  -0.00299958  0.00304917   0.00797593
0.106799     0.00791252   0.0399881    -0.00299958    0.00791252   0.070589     0.0105663    -0.00244086    0.0399881    0.0105663    0.0692015    0.00669984     -0.00299958  -0.00244086  0.00669984   0.047271
-0.0343989   0.00797555   -0.0171294   0.00309111     0.00797555   -0.0166886   -0.00518993  0.00669984     -0.0171294   -0.00518993  -0.0185002   -0.000103251   0.00309111   0.00669984   -0.000103251 -0.011969
0.337926     0.0461813    0.0459451    0.00797593     0.0461813    0.309379     -0.0240048   0.047271       0.0459451    -0.0240048   0.29506      -0.011969      0.00797593   0.047271     -0.011969    0.283856


Energy:  {1.254890296}


Coefficients: {{0.9924805621, 0.1017633249, -0.02771910632, 0.06211449603}, {0.9924805621, 0.1017633249, -0.02771910632, 0.06211449603}}


r2: {3.710092864, 3.710092864}
r2f: {3.506712852}


r3: {8.777846227, 8.777846227}
r3f: {8.066747702}


alpha: {5.943909643, 5.943909643}
alphaf: {5.46239}




~~~XDM (a1=0.65, a2=3.17474)~~~

M1^2: {3.554465795, 3.554465795}
M1f^2: {3.506712852}

M2^2: {21.07214042, 21.07214042}
M2f^2: {20.49505838}

M3^2: {175.8246546, 175.8246546}
M3f^2: {167.6973308}

C6XDM: {{10.56371176, 10.56371176}, {10.56371176, 10.56371176}}
C6XDMf: {9.577516609}

C8XDM: {{187.876348, 187.876348}, {187.876348, 187.876348}}
C8XDMf: {167.9280029}

C10XDM: {{3649.488879, 3649.488879}, {3649.488879, 3649.488879}}
C10XDMf: {3206.09878}

EXDMC6: {-0.02192135644}
EXDMC8: {-0.04972864411}
EXDMC10: {-0.1232111979}

EXDMBJC6: {-0.0002291555809}
EXDMBJC8: {-0.0001150015099}
EXDMBJC10: {-0.00006263360209}

EXDM: {-0.1948611985}
EXDMBJ: {-0.0004067906929}




~~~TS (dTS=20, sR=0.62)~~~

C6TS: {{11.34049216, 11.34049216}, {11.34049216, 11.34049216}}
C6TSf: {9.577516609}

ETS: {-0.02353329744}
ETSWY: {-0.00006850449772}




~~~MBD~~~

 alpha: {6.065289072, 6.065289072}
  C6ii: {11.85420972, 11.85420972}
 omega: {0.4296435879, 0.4296435879}
lambda: {0.2415941214, 0.2291109683, 0.2291109683, 0.1400762569, 0.1400762569, 0.1275931038}
Energy: {-0.01164575186}

~~~MBD@rsSCS (drsSCS=6, sR=0.62)~~~

 alpha: {5.981987856, 5.981987856}
  C6ii: {11.58976862, 11.58976862}
 omega: {0.4318395834, 0.4318395834}
lambda: {0.2015206671, 0.1940030464, 0.1940030464, 0.1789678051, 0.1789678051, 0.1714501844}
Energy: {-0.0005271302678}




~~~MBDFree1~~~

 alpha: {5.593456261, 5.593456261}
  C6ii: {10.03117756, 10.03117756}
 omega: {0.427494136, 0.427494136}
lambda: {0.2384842961, 0.2241561299, 0.2241561299, 0.1413463426, 0.1413463426, 0.1270181764}
Energy: {-0.01069823445}

~~~MBDFree1@rsSCS (drsSCS=6, sR=0.62)~~~

 alpha: {5.517499055, 5.517499055}
  C6ii: {9.817280451, 9.817280451}
 omega: {0.4299771724, 0.4299771724}
lambda: {0.1986287969, 0.1917545829, 0.1917545829, 0.1780061548, 0.1780061548, 0.1711319407}
Energy: {-0.0004464113104}




~~~MBDFree2~~~

 alpha: {5.593456261, 5.593456261}
  C6ii: {11.87766048, 11.87766048}
 omega: {0.5061848593, 0.5061848593}
lambda: {0.3343626544, 0.3142741045, 0.3142741045, 0.198172119, 0.198172119, 0.1780835691}
Energy: {-0.01266750545}

~~~MBDFree2@rsSCS (drsSCS=6, sR=0.62)~~~

 alpha: {5.517499055, 5.517499055}
  C6ii: {11.62439038, 11.62439038}
 omega: {0.5091249592, 0.5091249592}
lambda: {0.2784839625, 0.2688460933, 0.2688460933, 0.2495703549, 0.2495703549, 0.2399324856}
Energy: {-0.0005285842011}




~~~MBD@XDM1~~~

 alpha: {5.863367476, 5.863367476}
  C6ii: {11.05342622, 11.05342622}
 omega: {0.4286880978, 0.4286880978}
lambda: {0.240263935, 0.2269602174, 0.2269602174, 0.140586753, 0.140586753, 0.1272830354}
Energy: {-0.01124450766}

~~~MBD@XDM1@rsSCS (drsSCS=6, sR=0.62)~~~

 alpha: {5.783038762, 5.783038762}
  C6ii: {10.81107546, 10.81107546}
 omega: {0.4310180213, 0.4310180213}
lambda: {0.2002564806, 0.1930165076, 0.1930165076, 0.1785365617, 0.1785365617, 0.1712965887}
Energy: {-0.0004916642258}




~~~MBD@XDM2~~~

 alpha: {6.065289072, 6.065289072}
  C6ii: {11.04224163, 11.04224163}
 omega: {0.4002146429, 0.4002146429}
lambda: {0.2096310657, 0.1987994416, 0.1987994416, 0.1215440791, 0.1215440791, 0.1107124551}
Energy: {-0.01084806233}

~~~MBD@XDM2@rsSCS (drsSCS=6, sR=0.62)~~~

 alpha: {5.981987856, 5.981987856}
  C6ii: {10.79591373, 10.79591373}
 omega: {0.4022602211, 0.4022602211}
lambda: {0.1748593548, 0.1683363201, 0.1683363201, 0.1552902508, 0.1552902508, 0.1487672161}
Energy: {-0.0004910238576}




    ENERGY MATRIX: {Non-Interacting, Electron-Nuclear, Electron-Electron, Nuclear-Nuclear, Total Energy}
Oscillator 1 Energy: {0.6503682926, -0.3914373031, 0.189942794, 0.1785713648, 0.6274451482}
Oscillator 2 Energy: {0.6503682926, -0.3914373031, 0.189942794, 0.1785713648, 0.6274451482}
Energy Totals: {1.300736585, -0.7828746062, 0.379885588, 0.3571427296, 1.254890296}


    COEFFICIENT MATRIX: {c1, c2, c5, c6, c11, c14}
Oscillator 1 Cs: {0.9924805621, 0.1017633249, -0.02771910632, 0.06211449603}
Oscillator 2 Cs: {0.9924805621, 0.1017633249, -0.02771910632, 0.06211449603}


    GENERAL RESULTS: {R, E, r2, r2f, r3, r3f, alpha, alphaf}
Oscillator 1 General Results: {2.800001, 1.254890296, 3.710092864, 3.506712852, 8.777846227, 8.066747702, 5.943909643, 5.46239}
Oscillator 2 General Results: {2.800001, 1.254890296, 3.710092864, 3.506712852, 8.777846227, 8.066747702, 5.943909643, 5.46239}


    XDM RESULTS: {M1^2, M1f^2, M2^2, M2f^2, M3^2, M3f^2, C6XDMii, C6XDMij, C6XDMf, C8XDMii, C8XDMij, C8XDMf, C10XDMii, C10XDMij, C10XDMf, EXDMC6, EXDMC8, EXDMC10, EXDMBJC6, EXDMBJC8, EXDMBJC10, EXDM, EXDMBJ}
Oscillator 1 XDM Results: {3.554465795, 3.506712852, 21.07214042, 20.49505838, 175.8246546, 167.6973308, 10.56371176, {{10.56371176, 10.56371176}, {10.56371176, 10.56371176}}, 9.577516609, 187.876348, {{187.876348, 187.876348}, {187.876348, 187.876348}}, 167.9280029, 3649.488879, {{3649.488879, 3649.488879}, {3649.488879, 3649.488879}}, 3206.09878, -0.02192135644, -0.04972864411, -0.1232111979, -0.0002291555809, -0.0001150015099, -0.00006263360209, -0.1948611985, -0.0004067906929}
Oscillator 2 XDM Results: {3.554465795, 3.506712852, 21.07214042, 20.49505838, 175.8246546, 167.6973308, 10.56371176, {{10.56371176, 10.56371176}, {10.56371176, 10.56371176}}, 9.577516609, 187.876348, {{187.876348, 187.876348}, {187.876348, 187.876348}}, 167.9280029, 3649.488879, {{3649.488879, 3649.488879}, {3649.488879, 3649.488879}}, 3206.09878, -0.02192135644, -0.04972864411, -0.1232111979, -0.0002291555809, -0.0001150015099, -0.00006263360209, -0.1948611985, -0.0004067906929}


    TS RESULTS: {C6TSii, C6TSij, C6TSf, ETS, ETSWY}
Oscillator 1 TS Results: {11.34049216, {{11.34049216, 11.34049216}, {11.34049216, 11.34049216}}, 9.577516609, -0.02353329744, -0.00006850449772}
Oscillator 2 TS Results: {11.34049216, {{11.34049216, 11.34049216}, {11.34049216, 11.34049216}}, 9.577516609, -0.02353329744, -0.00006850449772}


    MBD RESULTS: {MBD_alpha, MBD_C6, MBD_omega, MBD_Energy, MBDF1_alpha, MBDF1_C6, MBDF1_omega, MBDF1_Energy, MBDF2_alpha, MBDF2_C6, MBDF2_omega, MBDF2_Energy, MBDX1_alpha, MBDX1_C6, MBDX1_omega, MBDX1_Energy, MBDX2_alpha, MBDX2_C6, MBDX2_omega, MBDX2_Energy}
Oscillator 1 MBD Results: {6.065289072, 11.85420972, 0.4296435879, -0.01164575186, 5.593456261, 10.03117756, 0.427494136, -0.01069823445, 5.593456261, 11.87766048, 0.5061848593, -0.01266750545, 5.863367476, 11.05342622, 0.4286880978, -0.01124450766, 6.065289072, 11.04224163, 0.4002146429, -0.01084806233}
Oscillator 2 MBD Results: {6.065289072, 11.85420972, 0.4296435879, -0.01164575186, 5.593456261, 10.03117756, 0.427494136, -0.01069823445, 5.593456261, 11.87766048, 0.5061848593, -0.01266750545, 5.863367476, 11.05342622, 0.4286880978, -0.01124450766, 6.065289072, 11.04224163, 0.4002146429, -0.01084806233}


    MBDRSSCS RESULTS: {MBDrsSCS_alpha, MBDrsSCS_C6, MBDrsSCS_omega, MBDrsSCS_Energy, MBDF1rsSCS_alpha, MBDF1rsSCS_C6, MBDF1rsSCS_omega, MBDF1rsSCS_Energy, MBDF2rsSCS_alpha, MBDF2rsSCS_C6, MBDF2rsSCS_omega, MBDF2rsSCS_Energy, MBDX1rsSCS_alpha, MBDX1rsSCS_C6, MBDX1rsSCS_omega, MBDX1rsSCS_Energy, MBDX2rsSCS_alpha, MBDX2rsSCS_C6, MBDX2rsSCS_omega, MBDX2rsSCS_Energy}
Oscillator 1 MBDrsSCS Results: {5.981987856, 11.58976862, 0.4318395834, -0.0005271302678, 5.517499055, 9.817280451, 0.4299771724, -0.0004464113104, 5.517499055, 11.62439038, 0.5091249592, -0.0005285842011, 5.783038762, 10.81107546, 0.4310180213, -0.0004916642258, 5.981987856, 10.79591373, 0.4022602211, -0.0004910238576}
Oscillator 2 MBDrsSCS Results: {5.981987856, 11.58976862, 0.4318395834, -0.0005271302678, 5.517499055, 9.817280451, 0.4299771724, -0.0004464113104, 5.517499055, 11.62439038, 0.5091249592, -0.0005285842011, 5.783038762, 10.81107546, 0.4310180213, -0.0004916642258, 5.981987856, 10.79591373, 0.4022602211, -0.0004910238576}


         {R, Energy}
SUMMARY: {2.800001, 1.254890296}