Oscillators N=2 2022-12-24  w=0.427984 a=5.46239.nb ( N = 2, M = 4 )
~~~~~~~~~~~~~~~~~~~~~~~~~~~~~~~~~~~~~~
Run Commenced: Sun 25 Dec 2022 23:58:47
Run Completed: Mon 26 Dec 2022 00:13:33
Time Elapsed: 00:14:45

Oscillators Used: 2
Wavefunctions Used: 4
Internuclear Separation: 0.1
omega: 0.428
nu : 0.213876

For display purposes, the threshold of Hamiltonian matrix elements has been set to: 10^-6.


    Hamiltonian Matrix A:    < psi_{i,A} | H_k | psi_{j,A} >
    H_1 = T_kin,    H_2 = V_pot,    H_3 = V_1-B,    H_4 = V_A-B

HijkA: {{{0.320988, 0.320988, -0.7369392352, 9.999900001}, {0., 0., -0.02269498108, 0.}, {0.2620856045, -0.2620856045, -0.2999972514, 0.}, {0., 0., -0.0007268133755, 0.}}, {{0., 0., -0.02269498108, 0.}, {0.53498, 0.53498, -0.4928318095, 9.999900001}, {0., 0., -0.009217651485, 0.}, {0., 0., -0.01053805615, 0.}}, {{0.2620856045, -0.2620856045, -0.2999972514, 0.}, {0., 0., -0.009217651485, 0.}, {0.748972, 0.748972, -0.6134181587, 9.999900001}, {0., 0., -0.0002949075995, 0.}}, {{0., 0., -0.0007268133755, 0.}, {0., 0., -0.01053805615, 0.}, {0., 0., -0.0002949075995, 0.}, {0.748972, 0.748972, -0.393836323, 9.999900001}}}
0.320988       0.             0.262086       0.
0.320988       0.             -0.262086      0.
-0.736939      -0.022695      -0.299997      -0.000726813
9.9999         0.             0.             0.

0.             0.53498        0.             0.
0.             0.53498        0.             0.
-0.022695      -0.492832      -0.00921765    -0.0105381
0.             9.9999         0.             0.

0.262086       0.             0.748972       0.
-0.262086      0.             0.748972       0.
-0.299997      -0.00921765    -0.613418      -0.000294908
0.             0.             9.9999         0.

0.             0.             0.             0.748972
0.             0.             0.             0.748972
-0.000726813   -0.0105381     -0.000294908   -0.393836
0.             0.             0.             9.9999


    Hamiltonian Matrix B:    < psi_{i,B} | H_k | psi_{j,B} >
    H_1 = T_kin,    H_2 = V_pot,    H_3 = V_2-A,    H_4 = V_B-A 

HijkB: {{{0.320988, 0.320988, -0.7369392352, 9.999900001}, {0., 0., -0.02269498108, 0.}, {0.2620856045, -0.2620856045, -0.2999972514, 0.}, {0., 0., -0.0007268133755, 0.}}, {{0., 0., -0.02269498108, 0.}, {0.53498, 0.53498, -0.4928318095, 9.999900001}, {0., 0., -0.009217651485, 0.}, {0., 0., -0.01053805615, 0.}}, {{0.2620856045, -0.2620856045, -0.2999972514, 0.}, {0., 0., -0.009217651485, 0.}, {0.748972, 0.748972, -0.6134181587, 9.999900001}, {0., 0., -0.0002949075995, 0.}}, {{0., 0., -0.0007268133755, 0.}, {0., 0., -0.01053805615, 0.}, {0., 0., -0.0002949075995, 0.}, {0.748972, 0.748972, -0.393836323, 9.999900001}}}
0.320988       0.             0.262086       0.
0.320988       0.             -0.262086      0.
-0.736939      -0.022695      -0.299997      -0.000726813
9.9999         0.             0.             0.

0.             0.53498        0.             0.
0.             0.53498        0.             0.
-0.022695      -0.492832      -0.00921765    -0.0105381
0.             9.9999         0.             0.

0.262086       0.             0.748972       0.
-0.262086      0.             0.748972       0.
-0.299997      -0.00921765    -0.613418      -0.000294908
0.             0.             9.9999         0.

0.             0.             0.             0.748972
0.             0.             0.             0.748972
-0.000726813   -0.0105381     -0.000294908   -0.393836
0.             0.             0.             9.9999


    Hamiltonian Matrix AB:    < psi_{i1,A} <psi_{i2,B} | V_e-e | psi_{i3,A} <psi_{i4,B} >

HijkAB: {{{{0.5232626444, 0.007823768379, 0.1059911142, 0.0001003050629}, {0.007823768379, -0.08783074961, 0.00473888739, -0.002606975899}, {0.10616146, 0.00473888739, 0.06680490849, 0.0004625475831}, {0.0001003050629, -0.002606975899, 0.0004625475831, 0.02723011328}}, {{0.007823768379, 0.4360058653, -0.002077207548, 0.006534642033}, {-0.08783074961, 0.001281276717, 0.01828640472, -0.0704724592}, {0.00473888739, 0.05275009243, 0.0005494730586, 0.003008753709}, {-0.002606975899, 0.03024482263, -0.0008525880124, -0.000128618188}}, {{0.1059911142, -0.002077207548, 0.4144855385, 0.0001016228713}, {0.00473888739, 0.01828640472, 0.004945466771, 0.001780386117}, {0.06680490849, 0.0005494730586, 0.06538179152, -0.00005485837804}, {0.0004625475831, -0.0008525880124, -0.00006503962794, -0.01707603058}}, {{0.0001003050629, 0.006534642033, 0.0001016228713, 0.3754112877}, {-0.002606975899, -0.0704724592, 0.001780386117, 0.0001766953406}, {0.0004625475831, 0.003008753709, -0.00005485837804, 0.02632687527}, {0.02723011328, -0.000128618188, -0.01707603051, 0.01952824292}}}, {{{0.007823768379, -0.08783074961, 0.00473888739, -0.002606975899}, {0.4360058653, 0.001281276717, 0.05275009243, 0.03024479091}, {-0.002077207548, 0.01828642864, 0.0005494730586, -0.0008525880124}, {0.006534642033, -0.0704724592, 0.003008753709, -0.000128618188}}, {{-0.08783074961, 0.001281276717, 0.01828640472, -0.0704724592}, {0.001281276717, 0.4287678717, -0.003418746128, 0.004804134168}, {0.01828642864, -0.003418746128, -0.0265953709, 0.02705988094}, {-0.0704724592, 0.004804134168, 0.02705988094, -0.0810939722}}, {{0.00473888739, 0.01828640472, 0.004945466771, 0.001780386117}, {0.05275009243, -0.003418746128, 0.3601082804, -0.01855342166}, {0.0005494730586, -0.0265953709, -0.0001970704072, -0.0007897792151}, {0.003008753709, 0.02705988094, 0.003447106394, 0.001129542869}}, {{-0.002606975899, -0.0704724592, 0.001780386117, 0.0001766953406}, {0.03024479089, 0.004804134168, -0.01855342166, 0.3754770985}, {-0.0008525880124, 0.02705988094, -0.0007897792151, -0.002099153364}, {-0.000128618188, -0.0810939722, 0.001129542869, 0.0008561204527}}}, {{{0.10616146, 0.00473888739, 0.06680490849, 0.0004625475831}, {-0.002077207548, 0.01828642864, 0.0005494730586, -0.0008525880124}, {0.4145160946, 0.004945466771, 0.06538325063, -0.00006503962794}, {0.0001016228713, 0.001780386117, -0.00005485837804, -0.01707603103}}, {{0.00473888739, 0.05275009243, 0.0005494730586, 0.003008753709}, {0.01828642864, -0.003418746128, -0.0265953709, 0.02705988094}, {0.004945466771, 0.3601082804, -0.0001970704072, 0.003447106394}, {0.001780386117, -0.01855342166, -0.0007897792151, 0.001129542869}}, {{0.06680490849, 0.0005494730586, 0.06538179152, -0.00005485837804}, {0.0005494730586, -0.0265953709, -0.0001970704072, -0.0007897792151}, {0.06538325063, -0.0001970704072, 0.3592324726, 0.0003548809279}, {-0.00005485837804, -0.0007897792151, 0.0003548809279, 0.02115703923}}, {{0.0004625475831, 0.003008753709, -0.00005485837804, 0.02632687527}, {-0.0008525880124, 0.02705988094, -0.0007897792151, -0.002099153364}, {-0.00006503962794, 0.003447106394, 0.0003548809279, 0.3259356328}, {-0.01707603103, 0.001129542869, 0.02115703923, -0.01579257665}}}, {{{0.0001003050629, -0.002606975899, 0.0004625475831, 0.02723011328}, {0.006534642033, -0.0704724592, 0.003008753709, -0.000128618188}, {0.0001016228713, 0.001780386117, -0.00005485837804, -0.01707603111}, {0.3754112877, 0.0001766953406, 0.02632687527, 0.01952824292}}, {{-0.002606975899, 0.03024482286, -0.0008525880124, -0.000128618188}, {-0.0704724592, 0.004804134168, 0.02705988094, -0.0810939722}, {0.001780386117, -0.01855342166, -0.0007897792151, 0.001129542869}, {0.0001766953406, 0.3754770985, -0.002099153364, 0.0008561204527}}, {{0.0004625475831, -0.0008525880124, -0.00006503962794, -0.01707603058}, {0.003008753709, 0.02705988094, 0.003447106394, 0.001129542869}, {-0.00005485837804, -0.0007897792151, 0.0003548809279, 0.02115703923}, {0.02632687527, -0.002099153364, 0.3259356328, -0.01579257665}}, {{0.02723011328, -0.000128618188, -0.01707603058, 0.01952824292}, {-0.000128618188, -0.0810939722, 0.001129542869, 0.0008561204527}, {-0.01707603103, 0.001129542869, 0.02115703923, -0.01579257665}, {0.01952824292, 0.0008561204527, -0.01579257665, 0.3590729762}}}}
0.523263      0.00782377    0.105991      0.000100305     0.00782377    0.436006      -0.00207721   0.00653464      0.105991      -0.00207721   0.414486      0.000101623     0.000100305   0.00653464    0.000101623   0.375411
0.00782377    -0.0878307    0.00473889    -0.00260698     -0.0878307    0.00128128    0.0182864     -0.0704725      0.00473889    0.0182864     0.00494547    0.00178039      -0.00260698   -0.0704725    0.00178039    0.000176695
0.106161      0.00473889    0.0668049     0.000462548     0.00473889    0.0527501     0.000549473   0.00300875      0.0668049     0.000549473   0.0653818     -0.0000548584   0.000462548   0.00300875    -0.0000548584 0.0263269
0.000100305   -0.00260698   0.000462548   0.0272301       -0.00260698   0.0302448     -0.000852588  -0.000128618    0.000462548   -0.000852588  -0.0000650396 -0.017076       0.0272301     -0.000128618  -0.017076     0.0195282

0.00782377    -0.0878307    0.00473889    -0.00260698     -0.0878307    0.00128128    0.0182864     -0.0704725      0.00473889    0.0182864     0.00494547    0.00178039      -0.00260698   -0.0704725    0.00178039    0.000176695
0.436006      0.00128128    0.0527501     0.0302448       0.00128128    0.428768      -0.00341875   0.00480413      0.0527501     -0.00341875   0.360108      -0.0185534      0.0302448     0.00480413    -0.0185534    0.375477
-0.00207721   0.0182864     0.000549473   -0.000852588    0.0182864     -0.00341875   -0.0265954    0.0270599       0.000549473   -0.0265954    -0.00019707   -0.000789779    -0.000852588  0.0270599     -0.000789779  -0.00209915
0.00653464    -0.0704725    0.00300875    -0.000128618    -0.0704725    0.00480413    0.0270599     -0.081094       0.00300875    0.0270599     0.00344711    0.00112954      -0.000128618  -0.081094     0.00112954    0.00085612

0.106161      0.00473889    0.0668049     0.000462548     0.00473889    0.0527501     0.000549473   0.00300875      0.0668049     0.000549473   0.0653818     -0.0000548584   0.000462548   0.00300875    -0.0000548584 0.0263269
-0.00207721   0.0182864     0.000549473   -0.000852588    0.0182864     -0.00341875   -0.0265954    0.0270599       0.000549473   -0.0265954    -0.00019707   -0.000789779    -0.000852588  0.0270599     -0.000789779  -0.00209915
0.414516      0.00494547    0.0653833     -0.0000650396   0.00494547    0.360108      -0.00019707   0.00344711      0.0653833     -0.00019707   0.359232      0.000354881     -0.0000650396 0.00344711    0.000354881   0.325936
0.000101623   0.00178039    -0.0000548584 -0.017076       0.00178039    -0.0185534    -0.000789779  0.00112954      -0.0000548584 -0.000789779  0.000354881   0.021157        -0.017076     0.00112954    0.021157      -0.0157926

0.000100305   -0.00260698   0.000462548   0.0272301       -0.00260698   0.0302448     -0.000852588  -0.000128618    0.000462548   -0.000852588  -0.0000650396 -0.017076       0.0272301     -0.000128618  -0.017076     0.0195282
0.00653464    -0.0704725    0.00300875    -0.000128618    -0.0704725    0.00480413    0.0270599     -0.081094       0.00300875    0.0270599     0.00344711    0.00112954      -0.000128618  -0.081094     0.00112954    0.00085612
0.000101623   0.00178039    -0.0000548584 -0.017076       0.00178039    -0.0185534    -0.000789779  0.00112954      -0.0000548584 -0.000789779  0.000354881   0.021157        -0.017076     0.00112954    0.021157      -0.0157926
0.375411      0.000176695   0.0263269     0.0195282       0.000176695   0.375477      -0.00209915   0.00085612      0.0263269     -0.00209915   0.325936      -0.0157926      0.0195282     0.00085612    -0.0157926    0.359073


    Hamiltonian Matrix BA:    < psi_{i1,B} <psi_{i2,A} | V_e-e | psi_{i3,B} <psi_{i4,A} >

HijkBA: {{{{0.5232626444, 0.007823768379, 0.1059911142, 0.0001003050629}, {0.007823768379, -0.08783074961, 0.00473888739, -0.002606975899}, {0.10616146, 0.00473888739, 0.06680490849, 0.0004625475831}, {0.0001003050629, -0.002606975899, 0.0004625475831, 0.02723011328}}, {{0.007823768379, 0.4360058653, -0.002077207548, 0.006534642033}, {-0.08783074961, 0.001281276717, 0.01828640472, -0.0704724592}, {0.00473888739, 0.05275009243, 0.0005494730586, 0.003008753709}, {-0.002606975899, 0.03024482263, -0.0008525880124, -0.000128618188}}, {{0.1059911142, -0.002077207548, 0.4144855385, 0.0001016228713}, {0.00473888739, 0.01828640472, 0.004945466771, 0.001780386117}, {0.06680490849, 0.0005494730586, 0.06538179152, -0.00005485837804}, {0.0004625475831, -0.0008525880124, -0.00006503962794, -0.01707603058}}, {{0.0001003050629, 0.006534642033, 0.0001016228713, 0.3754112877}, {-0.002606975899, -0.0704724592, 0.001780386117, 0.0001766953406}, {0.0004625475831, 0.003008753709, -0.00005485837804, 0.02632687527}, {0.02723011328, -0.000128618188, -0.01707603051, 0.01952824292}}}, {{{0.007823768379, -0.08783074961, 0.00473888739, -0.002606975899}, {0.4360058653, 0.001281276717, 0.05275009243, 0.03024479091}, {-0.002077207548, 0.01828642864, 0.0005494730586, -0.0008525880124}, {0.006534642033, -0.0704724592, 0.003008753709, -0.000128618188}}, {{-0.08783074961, 0.001281276717, 0.01828640472, -0.0704724592}, {0.001281276717, 0.4287678717, -0.003418746128, 0.004804134168}, {0.01828642864, -0.003418746128, -0.0265953709, 0.02705988094}, {-0.0704724592, 0.004804134168, 0.02705988094, -0.0810939722}}, {{0.00473888739, 0.01828640472, 0.004945466771, 0.001780386117}, {0.05275009243, -0.003418746128, 0.3601082804, -0.01855342166}, {0.0005494730586, -0.0265953709, -0.0001970704072, -0.0007897792151}, {0.003008753709, 0.02705988094, 0.003447106394, 0.001129542869}}, {{-0.002606975899, -0.0704724592, 0.001780386117, 0.0001766953406}, {0.03024479089, 0.004804134168, -0.01855342166, 0.3754770985}, {-0.0008525880124, 0.02705988094, -0.0007897792151, -0.002099153364}, {-0.000128618188, -0.0810939722, 0.001129542869, 0.0008561204527}}}, {{{0.10616146, 0.00473888739, 0.06680490849, 0.0004625475831}, {-0.002077207548, 0.01828642864, 0.0005494730586, -0.0008525880124}, {0.4145160946, 0.004945466771, 0.06538325063, -0.00006503962794}, {0.0001016228713, 0.001780386117, -0.00005485837804, -0.01707603103}}, {{0.00473888739, 0.05275009243, 0.0005494730586, 0.003008753709}, {0.01828642864, -0.003418746128, -0.0265953709, 0.02705988094}, {0.004945466771, 0.3601082804, -0.0001970704072, 0.003447106394}, {0.001780386117, -0.01855342166, -0.0007897792151, 0.001129542869}}, {{0.06680490849, 0.0005494730586, 0.06538179152, -0.00005485837804}, {0.0005494730586, -0.0265953709, -0.0001970704072, -0.0007897792151}, {0.06538325063, -0.0001970704072, 0.3592324726, 0.0003548809279}, {-0.00005485837804, -0.0007897792151, 0.0003548809279, 0.02115703923}}, {{0.0004625475831, 0.003008753709, -0.00005485837804, 0.02632687527}, {-0.0008525880124, 0.02705988094, -0.0007897792151, -0.002099153364}, {-0.00006503962794, 0.003447106394, 0.0003548809279, 0.3259356328}, {-0.01707603103, 0.001129542869, 0.02115703923, -0.01579257665}}}, {{{0.0001003050629, -0.002606975899, 0.0004625475831, 0.02723011328}, {0.006534642033, -0.0704724592, 0.003008753709, -0.000128618188}, {0.0001016228713, 0.001780386117, -0.00005485837804, -0.01707603111}, {0.3754112877, 0.0001766953406, 0.02632687527, 0.01952824292}}, {{-0.002606975899, 0.03024482286, -0.0008525880124, -0.000128618188}, {-0.0704724592, 0.004804134168, 0.02705988094, -0.0810939722}, {0.001780386117, -0.01855342166, -0.0007897792151, 0.001129542869}, {0.0001766953406, 0.3754770985, -0.002099153364, 0.0008561204527}}, {{0.0004625475831, -0.0008525880124, -0.00006503962794, -0.01707603058}, {0.003008753709, 0.02705988094, 0.003447106394, 0.001129542869}, {-0.00005485837804, -0.0007897792151, 0.0003548809279, 0.02115703923}, {0.02632687527, -0.002099153364, 0.3259356328, -0.01579257665}}, {{0.02723011328, -0.000128618188, -0.01707603058, 0.01952824292}, {-0.000128618188, -0.0810939722, 0.001129542869, 0.0008561204527}, {-0.01707603103, 0.001129542869, 0.02115703923, -0.01579257665}, {0.01952824292, 0.0008561204527, -0.01579257665, 0.3590729762}}}}
0.523263      0.00782377    0.105991      0.000100305     0.00782377    0.436006      -0.00207721   0.00653464      0.105991      -0.00207721   0.414486      0.000101623     0.000100305   0.00653464    0.000101623   0.375411
0.00782377    -0.0878307    0.00473889    -0.00260698     -0.0878307    0.00128128    0.0182864     -0.0704725      0.00473889    0.0182864     0.00494547    0.00178039      -0.00260698   -0.0704725    0.00178039    0.000176695
0.106161      0.00473889    0.0668049     0.000462548     0.00473889    0.0527501     0.000549473   0.00300875      0.0668049     0.000549473   0.0653818     -0.0000548584   0.000462548   0.00300875    -0.0000548584 0.0263269
0.000100305   -0.00260698   0.000462548   0.0272301       -0.00260698   0.0302448     -0.000852588  -0.000128618    0.000462548   -0.000852588  -0.0000650396 -0.017076       0.0272301     -0.000128618  -0.017076     0.0195282

0.00782377    -0.0878307    0.00473889    -0.00260698     -0.0878307    0.00128128    0.0182864     -0.0704725      0.00473889    0.0182864     0.00494547    0.00178039      -0.00260698   -0.0704725    0.00178039    0.000176695
0.436006      0.00128128    0.0527501     0.0302448       0.00128128    0.428768      -0.00341875   0.00480413      0.0527501     -0.00341875   0.360108      -0.0185534      0.0302448     0.00480413    -0.0185534    0.375477
-0.00207721   0.0182864     0.000549473   -0.000852588    0.0182864     -0.00341875   -0.0265954    0.0270599       0.000549473   -0.0265954    -0.00019707   -0.000789779    -0.000852588  0.0270599     -0.000789779  -0.00209915
0.00653464    -0.0704725    0.00300875    -0.000128618    -0.0704725    0.00480413    0.0270599     -0.081094       0.00300875    0.0270599     0.00344711    0.00112954      -0.000128618  -0.081094     0.00112954    0.00085612

0.106161      0.00473889    0.0668049     0.000462548     0.00473889    0.0527501     0.000549473   0.00300875      0.0668049     0.000549473   0.0653818     -0.0000548584   0.000462548   0.00300875    -0.0000548584 0.0263269
-0.00207721   0.0182864     0.000549473   -0.000852588    0.0182864     -0.00341875   -0.0265954    0.0270599       0.000549473   -0.0265954    -0.00019707   -0.000789779    -0.000852588  0.0270599     -0.000789779  -0.00209915
0.414516      0.00494547    0.0653833     -0.0000650396   0.00494547    0.360108      -0.00019707   0.00344711      0.0653833     -0.00019707   0.359232      0.000354881     -0.0000650396 0.00344711    0.000354881   0.325936
0.000101623   0.00178039    -0.0000548584 -0.017076       0.00178039    -0.0185534    -0.000789779  0.00112954      -0.0000548584 -0.000789779  0.000354881   0.021157        -0.017076     0.00112954    0.021157      -0.0157926

0.000100305   -0.00260698   0.000462548   0.0272301       -0.00260698   0.0302448     -0.000852588  -0.000128618    0.000462548   -0.000852588  -0.0000650396 -0.017076       0.0272301     -0.000128618  -0.017076     0.0195282
0.00653464    -0.0704725    0.00300875    -0.000128618    -0.0704725    0.00480413    0.0270599     -0.081094       0.00300875    0.0270599     0.00344711    0.00112954      -0.000128618  -0.081094     0.00112954    0.00085612
0.000101623   0.00178039    -0.0000548584 -0.017076       0.00178039    -0.0185534    -0.000789779  0.00112954      -0.0000548584 -0.000789779  0.000354881   0.021157        -0.017076     0.00112954    0.021157      -0.0157926
0.375411      0.000176695   0.0263269     0.0195282       0.000176695   0.375477      -0.00209915   0.00085612      0.0263269     -0.00209915   0.325936      -0.0157926      0.0195282     0.00085612    -0.0157926    0.359073


Energy:  {10.25864397}


Coefficients: {{0.9815425341, 0.03412769128, 0.1881725804, 0.0007964674636}, {0.9815425341, 0.03412769128, 0.1881725804, 0.0007964674636}}


r2: {2.617327582, 2.617327582}
r2f: {3.506712852}


r3: {5.140689292, 5.140689292}
r3f: {8.066747702}


alpha: {3.481012524, 3.481012524}
alphaf: {5.46239}




~~~XDM (a1=0.65, a2=3.17474)~~~

M1^2: {3.675019176, 3.675019176}
M1f^2: {3.506712852}

M2^2: {23.42953033, 23.42953033}
M2f^2: {20.49505838}

M3^2: {215.5924134, 215.5924134}
M3f^2: {167.6973308}

C6XDM: {{6.396393889, 6.396393889}, {6.396393889, 6.396393889}}
C6XDMf: {9.577516609}

C8XDM: {{122.3377328, 122.3377328}, {122.3377328, 122.3377328}}
C8XDMf: {167.9280029}

C10XDM: {{2592.883845, 2592.883845}, {2592.883845, 2592.883845}}
C10XDMf: {3206.09878}

EXDMC6: {-6396010.119}
EXDMC8: {-12232794620.}
EXDMC10: {-25926245710000.}

EXDMBJC6: {-0.0001251377965}
EXDMBJC8: {-0.00006449085965}
EXDMBJC10: {-0.00003683029817}

EXDM: {-25938484900000.}
EXDMBJ: {-0.0002264589543}




~~~TS (dTS=20, sR=0.62)~~~

C6TS: {{3.889543892, 3.889543892}, {3.889543892, 3.889543892}}
C6TSf: {9.577516609}

ETS: {-3889310.527}
ETSWY: {-0.01467447512}




~~~MBD~~~

 alpha: {1.745090915, 1.745090915}
  C6ii: {0.9797275564, 0.9797275563}
 omega: {0.4289512572, 0.428951257}
lambda: {0.3670802512, 0.3670802512, 0.3652494925, 0.002748869468, 0.0009181107048, 0.0009181107048}
Energy: {-0.3222877454}

~~~MBD@rsSCS (drsSCS=6, sR=0.62)~~~

 alpha: {1.747673188, 1.747673188}
  C6ii: {0.9826257788, 0.9826257788}
 omega: {0.4289497738, 0.4289497738}
lambda: {2.08949539, -1.721499574, 1.136746649, 1.136746649, -0.7687508325, -0.7687508325}
Energy: {0.5020882423 + 1.532814014 I}




~~~MBDFree1~~~

 alpha: {2.736521445, 2.736521447}
  C6ii: {2.407748487, 2.407748485}
 omega: {0.4286986772, 0.4286986765}
lambda: {0.3668851807, 0.3668851807, 0.3655283182, 0.002036792783, 0.0006799303497, 0.0006799303497}
Energy: {-0.3294499701}

~~~MBDFree1@rsSCS (drsSCS=6, sR=0.62)~~~

 alpha: {2.740573559, 2.740573559}
  C6ii: {2.414878195, 2.414878195}
 omega: {0.4286975881, 0.4286975881}
lambda: {3.168331306, -2.800768062, 1.676056464, 1.676056464, -1.30849322, -1.30849322}
Energy: {0.8985235815 + 1.980668655 I}




~~~MBDFree2~~~

 alpha: {2.737613293, 2.73667758}
  C6ii: {0.9777386993, 0.9778042725}
 omega: {0.1739471588, 0.1740778037}
lambda: {0.060448686, 0.060448686, 0.06022516083, 0.0003355349665, 0.0001120098022, 0.0001120098022}
Energy: {-0.133727948}

~~~MBDFree2@rsSCS (drsSCS=6, sR=0.62)~~~

 alpha: {2.740809202, 2.740607441}
  C6ii: {0.9806733312, 0.9807053058}
 omega: {0.1740626111, 0.1740939169}
lambda: {0.5224415574, -0.461835073, 0.2763723999, 0.2763723999, -0.2157659154, -0.2157659154}
Energy: {0.3648771296 + 0.8042983411 I}




~~~MBD@XDM1~~~

 alpha: {2.236863858, 2.236962169}
  C6ii: {1.609289727, 1.609314516}
 omega: {0.4288386012, 0.4288075137}
lambda: {0.3670004913, 0.3670004913, 0.365448538, 0.002329891723, 0.0007779383715, 0.0007779383715}
Energy: {-0.3263757963}

~~~MBD@XDM1@rsSCS (drsSCS=6, sR=0.62)~~~

 alpha: {2.240266043, 2.240286599}
  C6ii: {1.614031067, 1.614074359}
 omega: {0.4287967001, 0.428800332}
lambda: {2.624731174, -2.256994839, 1.404299671, 1.404299671, -1.036563336, -1.036563336}
Energy: {0.7086870637 + 1.769282447 I}




~~~MBD@XDM2~~~

 alpha: {1.745182727, 1.745104049}
  C6ii: {1.611140426, 1.611167199}
 omega: {0.7053266923, 0.7054020152}
lambda: {0.9925951987, 0.9925951987, 0.9876448751, 0.007432870787, 0.002482547171, 0.002482547171}
Energy: {-0.5299685071}

~~~MBD@XDM2@rsSCS (drsSCS=6, sR=0.62)~~~

 alpha: {1.747650963, 1.747669991}
  C6ii: {1.615910837, 1.615934313}
 omega: {0.7054183111, 0.7054131987}
lambda: {5.650878385, -4.655655611, 3.074244886, 3.074244886, -2.079022112, -2.079022112}
Energy: {0.8256840196 + 2.520729864 I}




    ENERGY MATRIX: {Non-Interacting, Electron-Nuclear, Electron-Electron, Nuclear-Nuclear, Total Energy}
Oscillator 1 Energy: {0.6727839181, -0.8447402277, 0.3013282917, 4.99995, 5.129321983}
Oscillator 2 Energy: {0.6727839181, -0.8447402277, 0.3013282917, 4.99995, 5.129321983}
Energy Totals: {1.345567836, -1.689480455, 0.6026565834, 9.999900001, 10.25864397}


    COEFFICIENT MATRIX: {c1, c2, c5, c6, c11, c14}
Oscillator 1 Cs: {0.9815425341, 0.03412769128, 0.1881725804, 0.0007964674636}
Oscillator 2 Cs: {0.9815425341, 0.03412769128, 0.1881725804, 0.0007964674636}


    GENERAL RESULTS: {R, E, r2, r2f, r3, r3f, alpha, alphaf}
Oscillator 1 General Results: {0.100001, 10.25864397, 2.617327582, 3.506712852, 5.140689292, 8.066747702, 3.481012524, 5.46239}
Oscillator 2 General Results: {0.100001, 10.25864397, 2.617327582, 3.506712852, 5.140689292, 8.066747702, 3.481012524, 5.46239}


    XDM RESULTS: {M1^2, M1f^2, M2^2, M2f^2, M3^2, M3f^2, C6XDMii, C6XDMij, C6XDMf, C8XDMii, C8XDMij, C8XDMf, C10XDMii, C10XDMij, C10XDMf, EXDMC6, EXDMC8, EXDMC10, EXDMBJC6, EXDMBJC8, EXDMBJC10, EXDM, EXDMBJ}
Oscillator 1 XDM Results: {3.675019176, 3.506712852, 23.42953033, 20.49505838, 215.5924134, 167.6973308, 6.396393889, {{6.396393889, 6.396393889}, {6.396393889, 6.396393889}}, 9.577516609, 122.3377328, {{122.3377328, 122.3377328}, {122.3377328, 122.3377328}}, 167.9280029, 2592.883845, {{2592.883845, 2592.883845}, {2592.883845, 2592.883845}}, 3206.09878, -6396010.119, -12232794620., -25926245710000., -0.0001251377965, -0.00006449085965, -0.00003683029817, -25938484900000., -0.0002264589543}
Oscillator 2 XDM Results: {3.675019176, 3.506712852, 23.42953033, 20.49505838, 215.5924134, 167.6973308, 6.396393889, {{6.396393889, 6.396393889}, {6.396393889, 6.396393889}}, 9.577516609, 122.3377328, {{122.3377328, 122.3377328}, {122.3377328, 122.3377328}}, 167.9280029, 2592.883845, {{2592.883845, 2592.883845}, {2592.883845, 2592.883845}}, 3206.09878, -6396010.119, -12232794620., -25926245710000., -0.0001251377965, -0.00006449085965, -0.00003683029817, -25938484900000., -0.0002264589543}


    TS RESULTS: {C6TSii, C6TSij, C6TSf, ETS, ETSWY}
Oscillator 1 TS Results: {3.889543892, {{3.889543892, 3.889543892}, {3.889543892, 3.889543892}}, 9.577516609, -3889310.527, -0.01467447512}
Oscillator 2 TS Results: {3.889543892, {{3.889543892, 3.889543892}, {3.889543892, 3.889543892}}, 9.577516609, -3889310.527, -0.01467447512}


    MBD RESULTS: {MBD_alpha, MBD_C6, MBD_omega, MBD_Energy, MBDF1_alpha, MBDF1_C6, MBDF1_omega, MBDF1_Energy, MBDF2_alpha, MBDF2_C6, MBDF2_omega, MBDF2_Energy, MBDX1_alpha, MBDX1_C6, MBDX1_omega, MBDX1_Energy, MBDX2_alpha, MBDX2_C6, MBDX2_omega, MBDX2_Energy}
Oscillator 1 MBD Results: {1.745090915, 0.9797275564, 0.4289512572, -0.3222877454, 2.736521445, 2.407748487, 0.4286986772, -0.3294499701, 2.737613293, 0.9777386993, 0.1739471588, -0.133727948, 2.236863858, 1.609289727, 0.4288386012, -0.3263757963, 1.745182727, 1.611140426, 0.7053266923, -0.5299685071}
Oscillator 2 MBD Results: {1.745090915, 0.9797275563, 0.428951257, -0.3222877454, 2.736521447, 2.407748485, 0.4286986765, -0.3294499701, 2.73667758, 0.9778042725, 0.1740778037, -0.133727948, 2.236962169, 1.609314516, 0.4288075137, -0.3263757963, 1.745104049, 1.611167199, 0.7054020152, -0.5299685071}


    MBDRSSCS RESULTS: {MBDrsSCS_alpha, MBDrsSCS_C6, MBDrsSCS_omega, MBDrsSCS_Energy, MBDF1rsSCS_alpha, MBDF1rsSCS_C6, MBDF1rsSCS_omega, MBDF1rsSCS_Energy, MBDF2rsSCS_alpha, MBDF2rsSCS_C6, MBDF2rsSCS_omega, MBDF2rsSCS_Energy, MBDX1rsSCS_alpha, MBDX1rsSCS_C6, MBDX1rsSCS_omega, MBDX1rsSCS_Energy, MBDX2rsSCS_alpha, MBDX2rsSCS_C6, MBDX2rsSCS_omega, MBDX2rsSCS_Energy}
Oscillator 1 MBDrsSCS Results: {1.747673188, 0.9826257788, 0.4289497738, 0.5020882423 + 1.532814014 I, 2.740573559, 2.414878195, 0.4286975881, 0.8985235815 + 1.980668655 I, 2.740809202, 0.9806733312, 0.1740626111, 0.3648771296 + 0.8042983411 I, 2.240266043, 1.614031067, 0.4287967001, 0.7086870637 + 1.769282447 I, 1.747650963, 1.615910837, 0.7054183111, 0.8256840196 + 2.520729864 I}
Oscillator 2 MBDrsSCS Results: {1.747673188, 0.9826257788, 0.4289497738, 0.5020882423 + 1.532814014 I, 2.740573559, 2.414878195, 0.4286975881, 0.8985235815 + 1.980668655 I, 2.740607441, 0.9807053058, 0.1740939169, 0.3648771296 + 0.8042983411 I, 2.240286599, 1.614074359, 0.428800332, 0.7086870637 + 1.769282447 I, 1.747669991, 1.615934313, 0.7054131987, 0.8256840196 + 2.520729864 I}


         {R, Energy}
SUMMARY: {0.100001, 10.25864397}