Oscillators N=2 2022-12-24  w=0.427984 a=5.46239.nb ( N = 2, M = 4 )
~~~~~~~~~~~~~~~~~~~~~~~~~~~~~~~~~~~~~~
Run Commenced: Mon 26 Dec 2022 02:06:27
Run Completed: Mon 26 Dec 2022 02:24:04
Time Elapsed: 00:17:37

Oscillators Used: 2
Wavefunctions Used: 4
Internuclear Separation: 2.4
omega: 0.428
nu : 0.213876

For display purposes, the threshold of Hamiltonian matrix elements has been set to: 10^-6.


    Hamiltonian Matrix A:    < psi_{i,A} | H_k | psi_{j,A} >
    H_1 = T_kin,    H_2 = V_pot,    H_3 = V_1-B,    H_4 = V_A-B

HijkA: {{{0.320988, 0.320988, -0.4056541703, 0.4166664931}, {0., 0., -0.1544459923, 0.}, {0.2620856045, -0.2620856045, -0.02564126637, 0.}, {0., 0., -0.08424549415, 0.}}, {{0., 0., -0.1544459923, 0.}, {0.53498, 0.53498, -0.4819963128, 0.4166664931}, {0., 0., 0.06918529058, 0.}, {0., 0., -0.2116966001, 0.}}, {{0.2620856045, -0.2620856045, -0.02564126637, 0.}, {0., 0., 0.06918529058, 0.}, {0.748972, 0.748972, -0.3436029863, 0.4166664931}, {0., 0., 0.06462329405, 0.}}, {{0., 0., -0.08424549415, 0.}, {0., 0., -0.2116966001, 0.}, {0., 0., 0.06462329405, 0.}, {0.748972, 0.748972, -0.472757539, 0.4166664931}}}
0.320988     0.           0.262086     0.
0.320988     0.           -0.262086    0.
-0.405654    -0.154446    -0.0256413   -0.0842455
0.416666     0.           0.           0.

0.           0.53498      0.           0.
0.           0.53498      0.           0.
-0.154446    -0.481996    0.0691853    -0.211697
0.           0.416666     0.           0.

0.262086     0.           0.748972     0.
-0.262086    0.           0.748972     0.
-0.0256413   0.0691853    -0.343603    0.0646233
0.           0.           0.416666     0.

0.           0.           0.           0.748972
0.           0.           0.           0.748972
-0.0842455   -0.211697    0.0646233    -0.472758
0.           0.           0.           0.416666


    Hamiltonian Matrix B:    < psi_{i,B} | H_k | psi_{j,B} >
    H_1 = T_kin,    H_2 = V_pot,    H_3 = V_2-A,    H_4 = V_B-A 

HijkB: {{{0.320988, 0.320988, -0.4056541703, 0.4166664931}, {0., 0., -0.1544459923, 0.}, {0.2620856045, -0.2620856045, -0.02564126637, 0.}, {0., 0., -0.08424549415, 0.}}, {{0., 0., -0.1544459923, 0.}, {0.53498, 0.53498, -0.4819963128, 0.4166664931}, {0., 0., 0.06918529058, 0.}, {0., 0., -0.2116966001, 0.}}, {{0.2620856045, -0.2620856045, -0.02564126637, 0.}, {0., 0., 0.06918529058, 0.}, {0.748972, 0.748972, -0.3436029863, 0.4166664931}, {0., 0., 0.06462329405, 0.}}, {{0., 0., -0.08424549415, 0.}, {0., 0., -0.2116966001, 0.}, {0., 0., 0.06462329405, 0.}, {0.748972, 0.748972, -0.472757539, 0.4166664931}}}
0.320988     0.           0.262086     0.
0.320988     0.           -0.262086    0.
-0.405654    -0.154446    -0.0256413   -0.0842455
0.416666     0.           0.           0.

0.           0.53498      0.           0.
0.           0.53498      0.           0.
-0.154446    -0.481996    0.0691853    -0.211697
0.           0.416666     0.           0.

0.262086     0.           0.748972     0.
-0.262086    0.           0.748972     0.
-0.0256413   0.0691853    -0.343603    0.0646233
0.           0.           0.416666     0.

0.           0.           0.           0.748972
0.           0.           0.           0.748972
-0.0842455   -0.211697    0.0646233    -0.472758
0.           0.           0.           0.416666


    Hamiltonian Matrix AB:    < psi_{i1,A} <psi_{i2,B} | V_e-e | psi_{i3,A} <psi_{i4,B} >

HijkAB: {{{{0.3682342046, 0.09754716666, 0.03109107909, 0.03202096184}, {0.09754716666, 0.01178642538, 0.03454231694, -0.005606229823}, {0.03107824276, 0.03454231694, 0.003158901333, 0.02213508227}, {0.03202096184, -0.005606229823, 0.02213508227, -0.001962339576}}, {{0.09754716666, 0.3803852112, -0.04519917931, 0.1081146148}, {0.01178642538, 0.06351850808, 0.01287504173, -0.006904989915}, {0.03454231694, 0.05373401535, -0.01025462204, 0.04531877048}, {-0.005606229823, 0.01188150321, 0.009507299911, -0.006538889433}}, {{0.03109107909, -0.04519917931, 0.3210330413, -0.03004208604}, {0.03454231694, 0.01287504173, 0.05885798393, 0.01384417952}, {0.003158901333, -0.01025462204, 0.02080477455, -0.0155392338}, {0.02213508227, 0.009507299911, 0.01626089079, 0.001186894535}}, {{0.03202096184, 0.1081146148, -0.03004208604, 0.3528246623}, {-0.005606229823, -0.006904989915, 0.01384417952, 0.03484369576}, {0.02213508227, 0.04531877048, -0.0155392338, 0.04910301653}, {-0.001962339576, -0.006538889433, 0.001188062888, 0.007033075644}}}, {{{0.09754716666, 0.01178642538, 0.03454231694, -0.005606229823}, {0.3803853076, 0.06351850808, 0.05373401535, 0.01178635023}, {-0.04519987198, 0.01284848685, -0.01025462204, 0.009507299911}, {0.1081146148, -0.006904989915, 0.04531877048, -0.006538889433}}, {{0.01178642538, 0.06351850808, 0.01287504173, -0.006904989915}, {0.06351850808, 0.3495802373, -0.02540707572, 0.06318139277}, {0.01284848685, -0.02540724977, -0.002112400368, 0.01310859529}, {-0.006904989915, 0.06318139277, 0.01310859529, -0.0147246577}}, {{0.03454231694, 0.01287504173, 0.05885798393, 0.01384417952}, {0.05373401535, -0.02540707572, 0.322911621, -0.01597880364}, {-0.01025462204, -0.002112400368, -0.0334785543, -0.0044464262}, {0.04531877048, 0.01310859529, 0.06948810088, 0.008200235984}}, {{-0.005606229823, -0.006904989915, 0.01384417952, 0.03484369576}, {0.01178380443, 0.06318139277, -0.01597880364, 0.3206747238}, {0.009507299911, 0.01310859529, -0.0044464262, -0.02510165105}, {-0.006538889433, -0.0147246577, 0.008200235984, 0.03969331688}}}, {{{0.03107824276, 0.03454231694, 0.003158901333, 0.02213508227}, {-0.04519987198, 0.01284848685, -0.01025462204, 0.009507299911}, {0.3210342308, 0.05885798393, 0.02076862745, 0.01626089079}, {-0.03004208604, 0.01384417952, -0.0155392338, 0.001131248363}}, {{0.03454231694, 0.05373401535, -0.01025462204, 0.04531877048}, {0.01284848685, -0.02540724977, -0.002112400368, 0.01310859529}, {0.05885798393, 0.322911621, -0.0334785543, 0.06948810088}, {0.01384417952, -0.01597880364, -0.0044464262, 0.008200235984}}, {{0.003158901333, -0.01025462204, 0.02080477455, -0.0155392338}, {-0.01025462204, -0.002112400368, -0.0334785543, -0.0044464262}, {0.02076862745, -0.0334785543, 0.2869029579, -0.0151261873}, {-0.0155392338, -0.0044464262, -0.01512702644, 0.001740922829}}, {{0.02213508227, 0.04531877048, -0.0155392338, 0.04910301653}, {0.009507299911, 0.01310859529, -0.0044464262, -0.02510165105}, {0.01626089079, 0.06948810088, -0.0151261873, 0.3081349341}, {0.001131248363, 0.008200235984, 0.001740922829, -0.01174428169}}}, {{{0.03202096184, -0.005606229823, 0.02213508227, -0.001962339576}, {0.1081146148, -0.006904989915, 0.04531877048, -0.006538889433}, {-0.03004208604, 0.01384417952, -0.0155392338, 0.001130080011}, {0.3528246623, 0.03484369576, 0.04910301653, 0.007033075644}}, {{-0.005606229823, 0.01188150121, 0.009507299911, -0.006538889433}, {-0.006904989915, 0.06318139277, 0.01310859529, -0.0147246577}, {0.01384417952, -0.01597880364, -0.0044464262, 0.008200235984}, {0.03484369576, 0.3206747238, -0.02510165105, 0.03969331688}}, {{0.02213508227, 0.009507299911, 0.01626089079, 0.001186894535}, {0.04531877048, 0.01310859529, 0.06948810088, 0.008200235984}, {-0.0155392338, -0.0044464262, -0.01512702644, 0.001740922829}, {0.04910301653, -0.02510165105, 0.3081349341, -0.01174428169}}, {{-0.001962339576, -0.006538889433, 0.001186894535, 0.007033075644}, {-0.006538889433, -0.0147246577, 0.008200235984, 0.03969331688}, {0.001131248363, 0.008200235984, 0.001740922829, -0.01174428169}, {0.007033075644, 0.03969331688, -0.01174428169, 0.2941132244}}}}
0.368234    0.0975472   0.0310911   0.032021      0.0975472   0.380385    -0.0451992  0.108115      0.0310911   -0.0451992  0.321033    -0.0300421    0.032021    0.108115    -0.0300421  0.352825
0.0975472   0.0117864   0.0345423   -0.00560623   0.0117864   0.0635185   0.012875    -0.00690499   0.0345423   0.012875    0.058858    0.0138442     -0.00560623 -0.00690499 0.0138442   0.0348437
0.0310782   0.0345423   0.0031589   0.0221351     0.0345423   0.053734    -0.0102546  0.0453188     0.0031589   -0.0102546  0.0208048   -0.0155392    0.0221351   0.0453188   -0.0155392  0.049103
0.032021    -0.00560623 0.0221351   -0.00196234   -0.00560623 0.0118815   0.0095073   -0.00653889   0.0221351   0.0095073   0.0162609   0.00118689    -0.00196234 -0.00653889 0.00118806  0.00703308

0.0975472   0.0117864   0.0345423   -0.00560623   0.0117864   0.0635185   0.012875    -0.00690499   0.0345423   0.012875    0.058858    0.0138442     -0.00560623 -0.00690499 0.0138442   0.0348437
0.380385    0.0635185   0.053734    0.0117864     0.0635185   0.34958     -0.0254071  0.0631814     0.053734    -0.0254071  0.322912    -0.0159788    0.0117838   0.0631814   -0.0159788  0.320675
-0.0451999  0.0128485   -0.0102546  0.0095073     0.0128485   -0.0254072  -0.0021124  0.0131086     -0.0102546  -0.0021124  -0.0334786  -0.00444643   0.0095073   0.0131086   -0.00444643 -0.0251017
0.108115    -0.00690499 0.0453188   -0.00653889   -0.00690499 0.0631814   0.0131086   -0.0147247    0.0453188   0.0131086   0.0694881   0.00820024    -0.00653889 -0.0147247  0.00820024  0.0396933

0.0310782   0.0345423   0.0031589   0.0221351     0.0345423   0.053734    -0.0102546  0.0453188     0.0031589   -0.0102546  0.0208048   -0.0155392    0.0221351   0.0453188   -0.0155392  0.049103
-0.0451999  0.0128485   -0.0102546  0.0095073     0.0128485   -0.0254072  -0.0021124  0.0131086     -0.0102546  -0.0021124  -0.0334786  -0.00444643   0.0095073   0.0131086   -0.00444643 -0.0251017
0.321034    0.058858    0.0207686   0.0162609     0.058858    0.322912    -0.0334786  0.0694881     0.0207686   -0.0334786  0.286903    -0.0151262    0.0162609   0.0694881   -0.0151262  0.308135
-0.0300421  0.0138442   -0.0155392  0.00113125    0.0138442   -0.0159788  -0.00444643 0.00820024    -0.0155392  -0.00444643 -0.015127   0.00174092    0.00113125  0.00820024  0.00174092  -0.0117443

0.032021    -0.00560623 0.0221351   -0.00196234   -0.00560623 0.0118815   0.0095073   -0.00653889   0.0221351   0.0095073   0.0162609   0.00118689    -0.00196234 -0.00653889 0.00118689  0.00703308
0.108115    -0.00690499 0.0453188   -0.00653889   -0.00690499 0.0631814   0.0131086   -0.0147247    0.0453188   0.0131086   0.0694881   0.00820024    -0.00653889 -0.0147247  0.00820024  0.0396933
-0.0300421  0.0138442   -0.0155392  0.00113008    0.0138442   -0.0159788  -0.00444643 0.00820024    -0.0155392  -0.00444643 -0.015127   0.00174092    0.00113125  0.00820024  0.00174092  -0.0117443
0.352825    0.0348437   0.049103    0.00703308    0.0348437   0.320675    -0.0251017  0.0396933     0.049103    -0.0251017  0.308135    -0.0117443    0.00703308  0.0396933   -0.0117443  0.294113


    Hamiltonian Matrix BA:    < psi_{i1,B} <psi_{i2,A} | V_e-e | psi_{i3,B} <psi_{i4,A} >

HijkBA: {{{{0.3682342046, 0.09754716666, 0.03109107909, 0.03202096184}, {0.09754716666, 0.01178642538, 0.03454231694, -0.005606229823}, {0.03107824276, 0.03454231694, 0.003158901333, 0.02213508227}, {0.03202096184, -0.005606229823, 0.02213508227, -0.001962339576}}, {{0.09754716666, 0.3803852112, -0.04519917931, 0.1081146148}, {0.01178642538, 0.06351850808, 0.01287504173, -0.006904989915}, {0.03454231694, 0.05373401535, -0.01025462204, 0.04531877048}, {-0.005606229823, 0.01188150321, 0.009507299911, -0.006538889433}}, {{0.03109107909, -0.04519917931, 0.3210330413, -0.03004208604}, {0.03454231694, 0.01287504173, 0.05885798393, 0.01384417952}, {0.003158901333, -0.01025462204, 0.02080477455, -0.0155392338}, {0.02213508227, 0.009507299911, 0.01626089079, 0.001186894535}}, {{0.03202096184, 0.1081146148, -0.03004208604, 0.3528246623}, {-0.005606229823, -0.006904989915, 0.01384417952, 0.03484369576}, {0.02213508227, 0.04531877048, -0.0155392338, 0.04910301653}, {-0.001962339576, -0.006538889433, 0.001188062888, 0.007033075644}}}, {{{0.09754716666, 0.01178642538, 0.03454231694, -0.005606229823}, {0.3803853076, 0.06351850808, 0.05373401535, 0.01178635023}, {-0.04519987198, 0.01284848685, -0.01025462204, 0.009507299911}, {0.1081146148, -0.006904989915, 0.04531877048, -0.006538889433}}, {{0.01178642538, 0.06351850808, 0.01287504173, -0.006904989915}, {0.06351850808, 0.3495802373, -0.02540707572, 0.06318139277}, {0.01284848685, -0.02540724977, -0.002112400368, 0.01310859529}, {-0.006904989915, 0.06318139277, 0.01310859529, -0.0147246577}}, {{0.03454231694, 0.01287504173, 0.05885798393, 0.01384417952}, {0.05373401535, -0.02540707572, 0.322911621, -0.01597880364}, {-0.01025462204, -0.002112400368, -0.0334785543, -0.0044464262}, {0.04531877048, 0.01310859529, 0.06948810088, 0.008200235984}}, {{-0.005606229823, -0.006904989915, 0.01384417952, 0.03484369576}, {0.01178380443, 0.06318139277, -0.01597880364, 0.3206747238}, {0.009507299911, 0.01310859529, -0.0044464262, -0.02510165105}, {-0.006538889433, -0.0147246577, 0.008200235984, 0.03969331688}}}, {{{0.03107824276, 0.03454231694, 0.003158901333, 0.02213508227}, {-0.04519987198, 0.01284848685, -0.01025462204, 0.009507299911}, {0.3210342308, 0.05885798393, 0.02076862745, 0.01626089079}, {-0.03004208604, 0.01384417952, -0.0155392338, 0.001131248363}}, {{0.03454231694, 0.05373401535, -0.01025462204, 0.04531877048}, {0.01284848685, -0.02540724977, -0.002112400368, 0.01310859529}, {0.05885798393, 0.322911621, -0.0334785543, 0.06948810088}, {0.01384417952, -0.01597880364, -0.0044464262, 0.008200235984}}, {{0.003158901333, -0.01025462204, 0.02080477455, -0.0155392338}, {-0.01025462204, -0.002112400368, -0.0334785543, -0.0044464262}, {0.02076862745, -0.0334785543, 0.2869029579, -0.0151261873}, {-0.0155392338, -0.0044464262, -0.01512702644, 0.001740922829}}, {{0.02213508227, 0.04531877048, -0.0155392338, 0.04910301653}, {0.009507299911, 0.01310859529, -0.0044464262, -0.02510165105}, {0.01626089079, 0.06948810088, -0.0151261873, 0.3081349341}, {0.001131248363, 0.008200235984, 0.001740922829, -0.01174428169}}}, {{{0.03202096184, -0.005606229823, 0.02213508227, -0.001962339576}, {0.1081146148, -0.006904989915, 0.04531877048, -0.006538889433}, {-0.03004208604, 0.01384417952, -0.0155392338, 0.001130080011}, {0.3528246623, 0.03484369576, 0.04910301653, 0.007033075644}}, {{-0.005606229823, 0.01188150121, 0.009507299911, -0.006538889433}, {-0.006904989915, 0.06318139277, 0.01310859529, -0.0147246577}, {0.01384417952, -0.01597880364, -0.0044464262, 0.008200235984}, {0.03484369576, 0.3206747238, -0.02510165105, 0.03969331688}}, {{0.02213508227, 0.009507299911, 0.01626089079, 0.001186894535}, {0.04531877048, 0.01310859529, 0.06948810088, 0.008200235984}, {-0.0155392338, -0.0044464262, -0.01512702644, 0.001740922829}, {0.04910301653, -0.02510165105, 0.3081349341, -0.01174428169}}, {{-0.001962339576, -0.006538889433, 0.001186894535, 0.007033075644}, {-0.006538889433, -0.0147246577, 0.008200235984, 0.03969331688}, {0.001131248363, 0.008200235984, 0.001740922829, -0.01174428169}, {0.007033075644, 0.03969331688, -0.01174428169, 0.2941132244}}}}
0.368234    0.0975472   0.0310911   0.032021      0.0975472   0.380385    -0.0451992  0.108115      0.0310911   -0.0451992  0.321033    -0.0300421    0.032021    0.108115    -0.0300421  0.352825
0.0975472   0.0117864   0.0345423   -0.00560623   0.0117864   0.0635185   0.012875    -0.00690499   0.0345423   0.012875    0.058858    0.0138442     -0.00560623 -0.00690499 0.0138442   0.0348437
0.0310782   0.0345423   0.0031589   0.0221351     0.0345423   0.053734    -0.0102546  0.0453188     0.0031589   -0.0102546  0.0208048   -0.0155392    0.0221351   0.0453188   -0.0155392  0.049103
0.032021    -0.00560623 0.0221351   -0.00196234   -0.00560623 0.0118815   0.0095073   -0.00653889   0.0221351   0.0095073   0.0162609   0.00118689    -0.00196234 -0.00653889 0.00118806  0.00703308

0.0975472   0.0117864   0.0345423   -0.00560623   0.0117864   0.0635185   0.012875    -0.00690499   0.0345423   0.012875    0.058858    0.0138442     -0.00560623 -0.00690499 0.0138442   0.0348437
0.380385    0.0635185   0.053734    0.0117864     0.0635185   0.34958     -0.0254071  0.0631814     0.053734    -0.0254071  0.322912    -0.0159788    0.0117838   0.0631814   -0.0159788  0.320675
-0.0451999  0.0128485   -0.0102546  0.0095073     0.0128485   -0.0254072  -0.0021124  0.0131086     -0.0102546  -0.0021124  -0.0334786  -0.00444643   0.0095073   0.0131086   -0.00444643 -0.0251017
0.108115    -0.00690499 0.0453188   -0.00653889   -0.00690499 0.0631814   0.0131086   -0.0147247    0.0453188   0.0131086   0.0694881   0.00820024    -0.00653889 -0.0147247  0.00820024  0.0396933

0.0310782   0.0345423   0.0031589   0.0221351     0.0345423   0.053734    -0.0102546  0.0453188     0.0031589   -0.0102546  0.0208048   -0.0155392    0.0221351   0.0453188   -0.0155392  0.049103
-0.0451999  0.0128485   -0.0102546  0.0095073     0.0128485   -0.0254072  -0.0021124  0.0131086     -0.0102546  -0.0021124  -0.0334786  -0.00444643   0.0095073   0.0131086   -0.00444643 -0.0251017
0.321034    0.058858    0.0207686   0.0162609     0.058858    0.322912    -0.0334786  0.0694881     0.0207686   -0.0334786  0.286903    -0.0151262    0.0162609   0.0694881   -0.0151262  0.308135
-0.0300421  0.0138442   -0.0155392  0.00113125    0.0138442   -0.0159788  -0.00444643 0.00820024    -0.0155392  -0.00444643 -0.015127   0.00174092    0.00113125  0.00820024  0.00174092  -0.0117443

0.032021    -0.00560623 0.0221351   -0.00196234   -0.00560623 0.0118815   0.0095073   -0.00653889   0.0221351   0.0095073   0.0162609   0.00118689    -0.00196234 -0.00653889 0.00118689  0.00703308
0.108115    -0.00690499 0.0453188   -0.00653889   -0.00690499 0.0631814   0.0131086   -0.0147247    0.0453188   0.0131086   0.0694881   0.00820024    -0.00653889 -0.0147247  0.00820024  0.0396933
-0.0300421  0.0138442   -0.0155392  0.00113008    0.0138442   -0.0159788  -0.00444643 0.00820024    -0.0155392  -0.00444643 -0.015127   0.00174092    0.00113125  0.00820024  0.00174092  -0.0117443
0.352825    0.0348437   0.049103    0.00703308    0.0348437   0.320675    -0.0251017  0.0396933     0.049103    -0.0251017  0.308135    -0.0117443    0.00703308  0.0396933   -0.0117443  0.294113


Energy:  {1.22425001}


Coefficients: {{0.9733033287, 0.1983534987, -0.04247196655, 0.1073901854}, {0.9733033287, 0.1983534987, -0.04247196655, 0.1073901854}}


r2: {3.89776842, 3.89776842}
r2f: {3.506712852}


r3: {9.4419901, 9.4419901}
r3f: {8.066747702}


alpha: {6.393633991, 6.393633991}
alphaf: {5.46239}




~~~XDM (a1=0.65, a2=3.17474)~~~

M1^2: {3.685603433, 3.685603433}
M1f^2: {3.506712852}

M2^2: {22.20251102, 22.20251102}
M2f^2: {20.49505838}

M3^2: {194.1436388, 194.1436388}
M3f^2: {167.6973308}

C6XDM: {{11.78219969, 11.78219969}, {11.78219969, 11.78219969}}
C6XDMf: {9.577516609}

C8XDM: {{212.9320937, 212.9320937}, {212.9320937, 212.9320937}}
C8XDMf: {167.9280029}

C10XDM: {{4278.386101, 4278.386101}, {4278.386101, 4278.386101}}
C10XDMf: {3206.09878}

EXDMC6: {-0.0616535152}
EXDMC8: {-0.1934415409}
EXDMC10: {-0.6747855097}

EXDMBJC6: {-0.0002483098498}
EXDMBJC8: {-0.0001245436873}
EXDMBJC10: {-0.00006925255057}

EXDM: {-0.9298805658}
EXDMBJ: {-0.0004421060876}




~~~TS (dTS=20, sR=0.62)~~~

C6TS: {{13.12148678, 13.12148678}, {13.12148678, 13.12148678}}
C6TSf: {9.577516609}

ETS: {-0.06866169356}
ETSWY: {-0.00001979304469}




~~~MBD~~~

 alpha: {6.174099667, 6.174099667}
  C6ii: {12.95413788, 12.95413788}
 omega: {0.4531061741, 0.4531061741}
lambda: {0.2743591068, 0.2743591068, 0.2656293166, 0.1449810934, 0.1362513031, 0.1362513031}
Energy: {-0.01832507066}

~~~MBD@rsSCS (drsSCS=6, sR=0.62)~~~

 alpha: {6.145420321, 6.145420321}
  C6ii: {12.80049548, 12.80049548}
 omega: {0.4519208024, 0.4519208024}
lambda: {0.2187182178, 0.2114753147, 0.2114753147, 0.1969895085, 0.1969895085, 0.1897466055}
Energy: {-0.0004267884183}




~~~MBDFree1~~~

 alpha: {5.39443335, 5.39443335}
  C6ii: {9.703653851, 9.703653851}
 omega: {0.4446132175, 0.4446132175}
lambda: {0.2586364601, 0.2586364601, 0.257956895, 0.1374049314, 0.1367253663, 0.1367253663}
Energy: {-0.01622444529}

~~~MBDFree1@rsSCS (drsSCS=6, sR=0.62)~~~

 alpha: {5.359857135, 5.359857135}
  C6ii: {9.575460063, 9.575460063}
 omega: {0.4444183248, 0.4444183248}
lambda: {0.2097257437, 0.2036166956, 0.2036166956, 0.1913985993, 0.1913985993, 0.1852895512}
Energy: {-0.000319170357}




~~~MBDFree2~~~

 alpha: {5.39443335, 5.39443335}
  C6ii: {13.29429861, 13.29429861}
 omega: {0.6091335253, 0.6091335253}
lambda: {0.4854561579, 0.4854561579, 0.484180626, 0.2579066773, 0.2566311454, 0.2566311454}
Energy: {-0.02222797966}

~~~MBDFree2@rsSCS (drsSCS=6, sR=0.62)~~~

 alpha: {5.359857135, 5.359857135}
  C6ii: {13.11866925, 13.11866925}
 omega: {0.6088665164, 0.6088665164}
lambda: {0.3936515899, 0.3821850124, 0.3821850124, 0.3592518573, 0.3592518573, 0.3477852797}
Energy: {-0.0004372730209}




~~~MBD@XDM1~~~

 alpha: {5.898887145, 5.898887145}
  C6ii: {11.746217, 11.746217}
 omega: {0.4500871161, 0.4500871161}
lambda: {0.2687825964, 0.2687825964, 0.2629848336, 0.1421719905, 0.1363742277, 0.1363742277}
Energy: {-0.01759132244}

~~~MBD@XDM1@rsSCS (drsSCS=6, sR=0.62)~~~

 alpha: {5.867508531, 5.867508531}
  C6ii: {11.60022709, 11.60022709}
 omega: {0.4492600162, 0.4492600162}
lambda: {0.2155028991, 0.2086687306, 0.2086687306, 0.1950003936, 0.1950003936, 0.1881662251}
Energy: {-0.0003867291511}




~~~MBD@XDM2~~~

 alpha: {6.174099667, 6.174099667}
  C6ii: {11.6319318, 11.6319318}
 omega: {0.4068584235, 0.4068584235}
lambda: {0.2212106563, 0.2212106563, 0.2141719885, 0.116895565, 0.1098568972, 0.1098568972}
Energy: {-0.01645466291}

~~~MBD@XDM2@rsSCS (drsSCS=6, sR=0.62)~~~

 alpha: {6.145420321, 6.145420321}
  C6ii: {11.49397141, 11.49397141}
 omega: {0.4057940406, 0.4057940406}
lambda: {0.17634844, 0.1705086217, 0.1705086217, 0.158828985, 0.158828985, 0.1529891667}
Energy: {-0.0003832268747}




    ENERGY MATRIX: {Non-Interacting, Electron-Nuclear, Electron-Electron, Nuclear-Nuclear, Total Energy}
Oscillator 1 Energy: {0.670230284, -0.4952191285, 0.2287806027, 0.2083332465, 0.6121250048}
Oscillator 2 Energy: {0.670230284, -0.4952191285, 0.2287806027, 0.2083332465, 0.6121250048}
Energy Totals: {1.340460568, -0.9904382569, 0.4575612054, 0.4166664931, 1.22425001}


    COEFFICIENT MATRIX: {c1, c2, c5, c6, c11, c14}
Oscillator 1 Cs: {0.9733033287, 0.1983534987, -0.04247196655, 0.1073901854}
Oscillator 2 Cs: {0.9733033287, 0.1983534987, -0.04247196655, 0.1073901854}


    GENERAL RESULTS: {R, E, r2, r2f, r3, r3f, alpha, alphaf}
Oscillator 1 General Results: {2.400001, 1.22425001, 3.89776842, 3.506712852, 9.4419901, 8.066747702, 6.393633991, 5.46239}
Oscillator 2 General Results: {2.400001, 1.22425001, 3.89776842, 3.506712852, 9.4419901, 8.066747702, 6.393633991, 5.46239}


    XDM RESULTS: {M1^2, M1f^2, M2^2, M2f^2, M3^2, M3f^2, C6XDMii, C6XDMij, C6XDMf, C8XDMii, C8XDMij, C8XDMf, C10XDMii, C10XDMij, C10XDMf, EXDMC6, EXDMC8, EXDMC10, EXDMBJC6, EXDMBJC8, EXDMBJC10, EXDM, EXDMBJ}
Oscillator 1 XDM Results: {3.685603433, 3.506712852, 22.20251102, 20.49505838, 194.1436388, 167.6973308, 11.78219969, {{11.78219969, 11.78219969}, {11.78219969, 11.78219969}}, 9.577516609, 212.9320937, {{212.9320937, 212.9320937}, {212.9320937, 212.9320937}}, 167.9280029, 4278.386101, {{4278.386101, 4278.386101}, {4278.386101, 4278.386101}}, 3206.09878, -0.0616535152, -0.1934415409, -0.6747855097, -0.0002483098498, -0.0001245436873, -0.00006925255057, -0.9298805658, -0.0004421060876}
Oscillator 2 XDM Results: {3.685603433, 3.506712852, 22.20251102, 20.49505838, 194.1436388, 167.6973308, 11.78219969, {{11.78219969, 11.78219969}, {11.78219969, 11.78219969}}, 9.577516609, 212.9320937, {{212.9320937, 212.9320937}, {212.9320937, 212.9320937}}, 167.9280029, 4278.386101, {{4278.386101, 4278.386101}, {4278.386101, 4278.386101}}, 3206.09878, -0.0616535152, -0.1934415409, -0.6747855097, -0.0002483098498, -0.0001245436873, -0.00006925255057, -0.9298805658, -0.0004421060876}


    TS RESULTS: {C6TSii, C6TSij, C6TSf, ETS, ETSWY}
Oscillator 1 TS Results: {13.12148678, {{13.12148678, 13.12148678}, {13.12148678, 13.12148678}}, 9.577516609, -0.06866169356, -0.00001979304469}
Oscillator 2 TS Results: {13.12148678, {{13.12148678, 13.12148678}, {13.12148678, 13.12148678}}, 9.577516609, -0.06866169356, -0.00001979304469}


    MBD RESULTS: {MBD_alpha, MBD_C6, MBD_omega, MBD_Energy, MBDF1_alpha, MBDF1_C6, MBDF1_omega, MBDF1_Energy, MBDF2_alpha, MBDF2_C6, MBDF2_omega, MBDF2_Energy, MBDX1_alpha, MBDX1_C6, MBDX1_omega, MBDX1_Energy, MBDX2_alpha, MBDX2_C6, MBDX2_omega, MBDX2_Energy}
Oscillator 1 MBD Results: {6.174099667, 12.95413788, 0.4531061741, -0.01832507066, 5.39443335, 9.703653851, 0.4446132175, -0.01622444529, 5.39443335, 13.29429861, 0.6091335253, -0.02222797966, 5.898887145, 11.746217, 0.4500871161, -0.01759132244, 6.174099667, 11.6319318, 0.4068584235, -0.01645466291}
Oscillator 2 MBD Results: {6.174099667, 12.95413788, 0.4531061741, -0.01832507066, 5.39443335, 9.703653851, 0.4446132175, -0.01622444529, 5.39443335, 13.29429861, 0.6091335253, -0.02222797966, 5.898887145, 11.746217, 0.4500871161, -0.01759132244, 6.174099667, 11.6319318, 0.4068584235, -0.01645466291}


    MBDRSSCS RESULTS: {MBDrsSCS_alpha, MBDrsSCS_C6, MBDrsSCS_omega, MBDrsSCS_Energy, MBDF1rsSCS_alpha, MBDF1rsSCS_C6, MBDF1rsSCS_omega, MBDF1rsSCS_Energy, MBDF2rsSCS_alpha, MBDF2rsSCS_C6, MBDF2rsSCS_omega, MBDF2rsSCS_Energy, MBDX1rsSCS_alpha, MBDX1rsSCS_C6, MBDX1rsSCS_omega, MBDX1rsSCS_Energy, MBDX2rsSCS_alpha, MBDX2rsSCS_C6, MBDX2rsSCS_omega, MBDX2rsSCS_Energy}
Oscillator 1 MBDrsSCS Results: {6.145420321, 12.80049548, 0.4519208024, -0.0004267884183, 5.359857135, 9.575460063, 0.4444183248, -0.000319170357, 5.359857135, 13.11866925, 0.6088665164, -0.0004372730209, 5.867508531, 11.60022709, 0.4492600162, -0.0003867291511, 6.145420321, 11.49397141, 0.4057940406, -0.0003832268747}
Oscillator 2 MBDrsSCS Results: {6.145420321, 12.80049548, 0.4519208024, -0.0004267884183, 5.359857135, 9.575460063, 0.4444183248, -0.000319170357, 5.359857135, 13.11866925, 0.6088665164, -0.0004372730209, 5.867508531, 11.60022709, 0.4492600162, -0.0003867291511, 6.145420321, 11.49397141, 0.4057940406, -0.0003832268747}


         {R, Energy}
SUMMARY: {2.400001, 1.22425001}