Oscillators N=4 2022-12-24 w=0.471533 a=4.50000.nb ( N = 4, M = 4 )
~~~~~~~~~~~~~~~~~~~~~~~~~~~~~~~~~~~~~~
Run Commenced: Sat 31 Dec 2022 04:53:23
Run Completed: Sat 31 Dec 2022 06:34:41
Time Elapsed: 01:41:18

Oscillators Used: 4
Wavefunctions Used: 4
Internuclear Separation: 0.6
omega: 0.472
nu : 0.235638

For display purposes, the threshold of Hamiltonian matrix elements has been set to: 10^-6.


    Hamiltonian Matrix A:    < psi_{i,A} | H_k | psi_{j,A} >
    H_1 = T_kin,    H_2 = V_pot,    H_3 = V_1-B,    H_4 = V_1-C,    H_5 = V_A-B,    H_6 = V_A-C 

HijkA: {{{0.35364975, 0.35364975, -0.732962212, -0.6299908546, -0.5108077617, 1.666663889, 0.8333319444, 0.5555546296}, {0., 0., -0.1359870797, -0.203444508, -0.1960242047, 0., 0., 0.}, {0.2887538117, -0.2887538117, -0.2668915878, -0.1604307194, -0.06868714721, 0., 0., 0.}, {0., 0., -0.02690465643, -0.07557940054, -0.09714897279, 0., 0., 0.}}, {{0., 0., -0.1359870797, -0.203444508, -0.1960242047, 0., 0., 0.}, {0.58941625, 0.58941625, -0.5461129584, -0.5862715371, -0.5669029054, 1.666663889, 0.8333319444, 0.5555546296}, {0., 0., -0.04443451323, -0.02079385546, 0.04001987545, 0., 0., 0.}, {0., 0., -0.07572203888, -0.1652141381, -0.2233725768, 0., 0., 0.}}, {{0.2887538117, -0.2887538117, -0.2668915878, -0.1604307194, -0.06868714721, 0., 0., 0.}, {0., 0., -0.04443451323, -0.02079385546, 0.04001987545, 0., 0., 0.}, {0.82518275, 0.82518275, -0.5870325815, -0.4755995652, -0.3971312465, 1.666663889, 0.8333319444, 0.5555546296}, {0., 0., -0.008350679273, -0.002297073096, 0.03753726051, 0., 0., 0.}}, {{0., 0., -0.02690465643, -0.07557940054, -0.09714897279, 0., 0., 0.}, {0., 0., -0.07572203888, -0.1652141381, -0.2233725768, 0., 0., 0.}, {0., 0., -0.008350679273, -0.002297073096, 0.03753726051, 0., 0., 0.}, {0.82518275, 0.82518275, -0.4245104033, -0.4632050122, -0.5018977184, 1.666663889, 0.8333319444, 0.5555546296}}}
0.35365       0.            0.288754      0.
0.35365       0.            -0.288754     0.
-0.732962     -0.135987     -0.266892     -0.0269047
-0.629991     -0.203445     -0.160431     -0.0755794
-0.510808     -0.196024     -0.0686871    -0.097149
1.66666       0.            0.            0.
0.833332      0.            0.            0.
0.555555      0.            0.            0.

0.            0.589416      0.            0.
0.            0.589416      0.            0.
-0.135987     -0.546113     -0.0444345    -0.075722
-0.203445     -0.586272     -0.0207939    -0.165214
-0.196024     -0.566903     0.0400199     -0.223373
0.            1.66666       0.            0.
0.            0.833332      0.            0.
0.            0.555555      0.            0.

0.288754      0.            0.825183      0.
-0.288754     0.            0.825183      0.
-0.266892     -0.0444345    -0.587033     -0.00835068
-0.160431     -0.0207939    -0.4756       -0.00229707
-0.0686871    0.0400199     -0.397131     0.0375373
0.            0.            1.66666       0.
0.            0.            0.833332      0.
0.            0.            0.555555      0.

0.            0.            0.            0.825183
0.            0.            0.            0.825183
-0.0269047    -0.075722     -0.00835068   -0.42451
-0.0755794    -0.165214     -0.00229707   -0.463205
-0.097149     -0.223373     0.0375373     -0.501898
0.            0.            0.            1.66666
0.            0.            0.            0.833332
0.            0.            0.            0.555555


    Hamiltonian Matrix B:    < psi_{i,B} | H_k | psi_{j,B} >
    H_1 = T_kin,    H_2 = V_pot,    H_3 = V_2-A,    H_4 = V_2-C,    H_5 = V_B-A,    H_6 = V_B-C 

HijkB: {{{0.35364975, 0.35364975, -0.732962212, -0.732962212, -0.6299908546, 1.666663889, 1.666663889, 0.8333319444}, {0., 0., -0.1359870797, 0.1359870797, 0.203444508, 0., 0., 0.}, {0.2887538117, -0.2887538117, -0.2668915878, -0.2668915878, -0.1604307194, 0., 0., 0.}, {0., 0., -0.02690465643, -0.02690465643, -0.07557940054, 0., 0., 0.}}, {{0., 0., -0.1359870797, 0.1359870797, 0.203444508, 0., 0., 0.}, {0.58941625, 0.58941625, -0.5461129584, -0.5461129584, -0.5862715371, 1.666663889, 1.666663889, 0.8333319444}, {0., 0., -0.04443451323, 0.04443451323, 0.02079385546, 0., 0., 0.}, {0., 0., -0.07572203888, 0.07572203888, 0.1652141381, 0., 0., 0.}}, {{0.2887538117, -0.2887538117, -0.2668915878, -0.2668915878, -0.1604307194, 0., 0., 0.}, {0., 0., -0.04443451323, 0.04443451323, 0.02079385546, 0., 0., 0.}, {0.82518275, 0.82518275, -0.5870325815, -0.5870325815, -0.4755995652, 1.666663889, 1.666663889, 0.8333319444}, {0., 0., -0.008350679273, -0.008350679273, -0.002297073096, 0., 0., 0.}}, {{0., 0., -0.02690465643, -0.02690465643, -0.07557940054, 0., 0., 0.}, {0., 0., -0.07572203888, 0.07572203888, 0.1652141381, 0., 0., 0.}, {0., 0., -0.008350679273, -0.008350679273, -0.002297073096, 0., 0., 0.}, {0.82518275, 0.82518275, -0.4245104033, -0.4245104033, -0.4632050122, 1.666663889, 1.666663889, 0.8333319444}}}
0.35365       0.            0.288754      0.
0.35365       0.            -0.288754     0.
-0.732962     -0.135987     -0.266892     -0.0269047
-0.732962     0.135987      -0.266892     -0.0269047
-0.629991     0.203445      -0.160431     -0.0755794
1.66666       0.            0.            0.
1.66666       0.            0.            0.
0.833332      0.            0.            0.

0.            0.589416      0.            0.
0.            0.589416      0.            0.
-0.135987     -0.546113     -0.0444345    -0.075722
0.135987      -0.546113     0.0444345     0.075722
0.203445      -0.586272     0.0207939     0.165214
0.            1.66666       0.            0.
0.            1.66666       0.            0.
0.            0.833332      0.            0.

0.288754      0.            0.825183      0.
-0.288754     0.            0.825183      0.
-0.266892     -0.0444345    -0.587033     -0.00835068
-0.266892     0.0444345     -0.587033     -0.00835068
-0.160431     0.0207939     -0.4756       -0.00229707
0.            0.            1.66666       0.
0.            0.            1.66666       0.
0.            0.            0.833332      0.

0.            0.            0.            0.825183
0.            0.            0.            0.825183
-0.0269047    -0.075722     -0.00835068   -0.42451
-0.0269047    0.075722      -0.00835068   -0.42451
-0.0755794    0.165214      -0.00229707   -0.463205
0.            0.            0.            1.66666
0.            0.            0.            1.66666
0.            0.            0.            0.833332


    Hamiltonian Matrix C:    < psi_{i,C} | H_k | psi_{j,C} >
    H_1 = T_kin,    H_2 = V_pot,    H_3 = V_3-A,    H_4 = V_3-B,    H_5 = V_C-A,    H_6 = V_C-B 

HijkC: {{{0.35364975, 0.35364975, -0.6299908546, -0.732962212, -0.732962212, 0.8333319444, 1.666663889, 1.666663889}, {0., 0., 0.203444508, 0.1359870797, -0.1359870797, 0., 0., 0.}, {0.2887538117, -0.2887538117, -0.1604307194, -0.2668915878, -0.2668915878, 0., 0., 0.}, {0., 0., -0.07557940054, -0.02690465643, -0.02690465643, 0., 0., 0.}}, {{0., 0., 0.203444508, 0.1359870797, -0.1359870797, 0., 0., 0.}, {0.58941625, 0.58941625, -0.5862715371, -0.5461129584, -0.5461129584, 0.8333319444, 1.666663889, 1.666663889}, {0., 0., 0.02079385546, 0.04443451323, -0.04443451323, 0., 0., 0.}, {0., 0., 0.1652141381, 0.07572203888, -0.07572203888, 0., 0., 0.}}, {{0.2887538117, -0.2887538117, -0.1604307194, -0.2668915878, -0.2668915878, 0., 0., 0.}, {0., 0., 0.02079385546, 0.04443451323, -0.04443451323, 0., 0., 0.}, {0.82518275, 0.82518275, -0.4755995652, -0.5870325815, -0.5870325815, 0.8333319444, 1.666663889, 1.666663889}, {0., 0., -0.002297073096, -0.008350679273, -0.008350679273, 0., 0., 0.}}, {{0., 0., -0.07557940054, -0.02690465643, -0.02690465643, 0., 0., 0.}, {0., 0., 0.1652141381, 0.07572203888, -0.07572203888, 0., 0., 0.}, {0., 0., -0.002297073096, -0.008350679273, -0.008350679273, 0., 0., 0.}, {0.82518275, 0.82518275, -0.4632050122, -0.4245104033, -0.4245104033, 0.8333319444, 1.666663889, 1.666663889}}}
0.35365       0.            0.288754      0.
0.35365       0.            -0.288754     0.
-0.629991     0.203445      -0.160431     -0.0755794
-0.732962     0.135987      -0.266892     -0.0269047
-0.732962     -0.135987     -0.266892     -0.0269047
0.833332      0.            0.            0.
1.66666       0.            0.            0.
1.66666       0.            0.            0.

0.            0.589416      0.            0.
0.            0.589416      0.            0.
0.203445      -0.586272     0.0207939     0.165214
0.135987      -0.546113     0.0444345     0.075722
-0.135987     -0.546113     -0.0444345    -0.075722
0.            0.833332      0.            0.
0.            1.66666       0.            0.
0.            1.66666       0.            0.

0.288754      0.            0.825183      0.
-0.288754     0.            0.825183      0.
-0.160431     0.0207939     -0.4756       -0.00229707
-0.266892     0.0444345     -0.587033     -0.00835068
-0.266892     -0.0444345    -0.587033     -0.00835068
0.            0.            0.833332      0.
0.            0.            1.66666       0.
0.            0.            1.66666       0.

0.            0.            0.            0.825183
0.            0.            0.            0.825183
-0.0755794    0.165214      -0.00229707   -0.463205
-0.0269047    0.075722      -0.00835068   -0.42451
-0.0269047    -0.075722     -0.00835068   -0.42451
0.            0.            0.            0.833332
0.            0.            0.            1.66666
0.            0.            0.            1.66666


    Hamiltonian Matrix AB:    < psi_{i1,A} <psi_{i2,B} | V_e-e | psi_{i3,A} <psi_{i4,B} >

HijkAB: {{{{0.534085024, 0.05052033935, 0.1028535814, 0.005118437505}, {0.05052033935, -0.078689411, 0.0302736332, -0.01637981924}, {0.1027137297, 0.0302736332, 0.05983927454, 0.005214316433}, {0.005118437505, -0.01637981924, 0.005214316433, 0.02207794911}}, {{0.05052033935, 0.4551761261, -0.01138762518, 0.04214063109}, {-0.078689411, 0.007312063211, 0.02162582005, -0.06957870664}, {0.0302736332, 0.05076374216, 0.005148594729, 0.01879414969}, {-0.01637981924, 0.02643695748, -0.002590613245, -0.0009647549268}}, {{0.1028535814, -0.01138762518, 0.4254061461, -0.003157441331}, {0.0302736332, 0.02162582005, 0.03118002727, 0.01111813211}, {0.05983927454, 0.005148594729, 0.06247511277, -0.001205982415}, {0.005214316433, -0.002590613245, 0.003490277344, -0.01545964009}}, {{0.005118437505, 0.04214063109, -0.003157441331, 0.3934149}, {-0.01637981924, -0.06957870664, 0.01111813211, 0.0008565296468}, {0.005214316433, 0.01879414969, -0.001205982415, 0.03160837869}, {0.02207794911, -0.0009647549268, -0.01545964009, 0.01900588762}}}, {{{0.05052033935, -0.078689411, 0.0302736332, -0.01637981924}, {0.4551761261, 0.007312063211, 0.05076374216, 0.02641723453}, {-0.01138762518, 0.02161798065, 0.005148594729, -0.002590613245}, {0.04214063109, -0.06957870664, 0.01879414969, -0.0009647549268}}, {{-0.078689411, 0.007312063211, 0.02162582782, -0.06957870664}, {0.007312063211, 0.4366545455, -0.01848269536, 0.02590146781}, {0.02161797288, -0.01848269536, -0.02153310762, 0.02461761442}, {-0.06957870664, 0.02590146781, 0.02461761442, -0.0763018754}}, {{0.0302736332, 0.02162582005, 0.03118002727, 0.01111813211}, {0.05076374216, -0.01848269536, 0.3781220958, -0.02013145385}, {0.005148594729, -0.02153310762, -0.002692927996, -0.004762807276}, {0.01879414969, 0.02461761442, 0.02422194101, 0.007503942694}}, {{-0.01637981924, -0.06957870664, 0.01111813211, 0.0008565296468}, {0.02641723558, 0.02590146781, -0.02013145385, 0.3896763083}, {-0.002590613245, 0.02461761442, -0.004762807276, -0.01302400785}, {-0.0009647549268, -0.0763018754, 0.007503942694, 0.006392649697}}}, {{{0.1027137297, 0.0302736332, 0.05983927454, 0.005214316433}, {-0.01138762518, 0.02161798065, 0.005148594729, -0.002590613245}, {0.4247381957, 0.03118002727, 0.06247347685, 0.003490277344}, {-0.003157441331, 0.01111813211, -0.001205982415, -0.01545553261}}, {{0.0302736332, 0.05076374216, 0.005148594729, 0.01879414969}, {0.02161798065, -0.01848269536, -0.02153310762, 0.02461761442}, {0.03118002727, 0.3781220958, -0.002692927996, 0.02422194101}, {0.01111813211, -0.02013145385, -0.004762807276, 0.007503942694}}, {{0.05983927454, 0.005148594729, 0.06247511277, -0.001205982415}, {0.005148594729, -0.02153310762, -0.002692927996, -0.004762807276}, {0.06247347685, -0.002692927996, 0.3657224276, -0.0002260009553}, {-0.001205982415, -0.004762807276, -0.0002260009553, 0.01879099303}}, {{0.005214316433, 0.01879414969, -0.001205982415, 0.03160837869}, {-0.002590613245, 0.02461761442, -0.004762807276, -0.01302400785}, {0.003490277344, 0.02422194101, -0.0002260009553, 0.3415809092}, {-0.01545553018, 0.007503942694, 0.01879099303, -0.01579875534}}}, {{{0.005118437505, -0.01637981924, 0.005214316433, 0.02207794911}, {0.04214063109, -0.06957870664, 0.01879414969, -0.0009647549268}, {-0.003157441331, 0.01111813211, -0.001205982415, -0.01545553261}, {0.3934149, 0.0008565296468, 0.03160837869, 0.01900588762}}, {{-0.01637981924, 0.02643695748, -0.002590613245, -0.0009647549268}, {-0.06957870664, 0.02590146781, 0.02461761442, -0.0763018754}, {0.01111813211, -0.02013145385, -0.004762807276, 0.007503942694}, {0.0008565296468, 0.3896763083, -0.01302400785, 0.006392649697}}, {{0.005214316433, -0.002590613245, 0.003490277344, -0.01545966429}, {0.01879414969, 0.02461761442, 0.02422194101, 0.007503942694}, {-0.001205982415, -0.004762807276, -0.0002260009553, 0.01879099303}, {0.03160837869, -0.01302400785, 0.3415809092, -0.01579875534}}, {{0.02207794911, -0.0009647549268, -0.01545966429, 0.01900588762}, {-0.0009647549268, -0.0763018754, 0.007503942694, 0.006392649697}, {-0.01545553018, 0.007503942694, 0.01879099303, -0.01579875534}, {0.01900588762, 0.006392649697, -0.01579875534, 0.3660981541}}}}
0.534085     0.0505203    0.102854     0.00511844     0.0505203    0.455176     -0.0113876   0.0421406      0.102854     -0.0113876   0.425406     -0.00315744    0.00511844   0.0421406    -0.00315744  0.393415
0.0505203    -0.0786894   0.0302736    -0.0163798     -0.0786894   0.00731206   0.0216258    -0.0695787     0.0302736    0.0216258    0.03118      0.0111181      -0.0163798   -0.0695787   0.0111181    0.00085653
0.102714     0.0302736    0.0598393    0.00521432     0.0302736    0.0507637    0.00514859   0.0187941      0.0598393    0.00514859   0.0624751    -0.00120598    0.00521432   0.0187941    -0.00120598  0.0316084
0.00511844   -0.0163798   0.00521432   0.0220779      -0.0163798   0.026437     -0.00259061  -0.000964755   0.00521432   -0.00259061  0.00349028   -0.0154596     0.0220779    -0.000964755 -0.0154596   0.0190059

0.0505203    -0.0786894   0.0302736    -0.0163798     -0.0786894   0.00731206   0.0216258    -0.0695787     0.0302736    0.0216258    0.03118      0.0111181      -0.0163798   -0.0695787   0.0111181    0.00085653
0.455176     0.00731206   0.0507637    0.0264172      0.00731206   0.436655     -0.0184827   0.0259015      0.0507637    -0.0184827   0.378122     -0.0201315     0.0264172    0.0259015    -0.0201315   0.389676
-0.0113876   0.021618     0.00514859   -0.00259061    0.021618     -0.0184827   -0.0215331   0.0246176      0.00514859   -0.0215331   -0.00269293  -0.00476281    -0.00259061  0.0246176    -0.00476281  -0.013024
0.0421406    -0.0695787   0.0187941    -0.000964755   -0.0695787   0.0259015    0.0246176    -0.0763019     0.0187941    0.0246176    0.0242219    0.00750394     -0.000964755 -0.0763019   0.00750394   0.00639265

0.102714     0.0302736    0.0598393    0.00521432     0.0302736    0.0507637    0.00514859   0.0187941      0.0598393    0.00514859   0.0624751    -0.00120598    0.00521432   0.0187941    -0.00120598  0.0316084
-0.0113876   0.021618     0.00514859   -0.00259061    0.021618     -0.0184827   -0.0215331   0.0246176      0.00514859   -0.0215331   -0.00269293  -0.00476281    -0.00259061  0.0246176    -0.00476281  -0.013024
0.424738     0.03118      0.0624735    0.00349028     0.03118      0.378122     -0.00269293  0.0242219      0.0624735    -0.00269293  0.365722     -0.000226001   0.00349028   0.0242219    -0.000226001 0.341581
-0.00315744  0.0111181    -0.00120598  -0.0154555     0.0111181    -0.0201315   -0.00476281  0.00750394     -0.00120598  -0.00476281  -0.000226001 0.018791       -0.0154555   0.00750394   0.018791     -0.0157988

0.00511844   -0.0163798   0.00521432   0.0220779      -0.0163798   0.026437     -0.00259061  -0.000964755   0.00521432   -0.00259061  0.00349028   -0.0154597     0.0220779    -0.000964755 -0.0154597   0.0190059
0.0421406    -0.0695787   0.0187941    -0.000964755   -0.0695787   0.0259015    0.0246176    -0.0763019     0.0187941    0.0246176    0.0242219    0.00750394     -0.000964755 -0.0763019   0.00750394   0.00639265
-0.00315744  0.0111181    -0.00120598  -0.0154555     0.0111181    -0.0201315   -0.00476281  0.00750394     -0.00120598  -0.00476281  -0.000226001 0.018791       -0.0154555   0.00750394   0.018791     -0.0157988
0.393415     0.00085653   0.0316084    0.0190059      0.00085653   0.389676     -0.013024    0.00639265     0.0316084    -0.013024    0.341581     -0.0157988     0.0190059    0.00639265   -0.0157988   0.366098


    Hamiltonian Matrix AC:    < psi_{i1,A} <psi_{i2,C} | V_e-e | psi_{i3,A} <psi_{i4,C} >

HijkAC: {{{{0.4925461013, -0.08754311593, 0.07942837056, 0.0170566823}, {0.08754311593, 0.04588977039, 0.04676780143, -0.02236689926}, {0.07964890545, -0.04676838973, 0.03827004166, 0.01577391435}, {0.01705787683, 0.02236689926, 0.01577391435, 0.009743790792}}, {{-0.08754311593, 0.4465183624, 0.02482580735, -0.07902439523}, {0.04588977039, 0.02365413971, -0.02452412904, 0.05437456314}, {-0.04676838973, 0.06659447566, -0.003133507141, -0.03614814289}, {0.02236689926, 0.01552842856, -0.0002500134527, 0.004673073134}}, {{0.07942837056, 0.02482580735, 0.3999833743, -0.01246572482}, {0.04676780143, -0.02452412904, 0.05246111009, 0.01858847311}, {0.03827004166, -0.003133507141, 0.04681768575, -0.005541253914}, {0.01577391435, -0.0002500134527, 0.0116718932, -0.01096984923}}, {{0.0170566823, -0.07902439523, -0.01246572482, 0.3914969095}, {-0.02236689926, 0.05437456314, 0.01858847311, 0.006310878359}, {0.01577391435, -0.03614814289, -0.005541253914, 0.04079018381}, {0.009743790792, 0.004673073134, -0.01096984923, 0.01430114179}}}, {{{0.08754311593, 0.04588977039, 0.04676780143, -0.02236689926}, {0.4465183624, -0.02365413971, 0.06659447566, 0.01554925437}, {-0.02482580735, -0.02452039112, 0.003133507141, 0.0002500134527}, {0.0790240724, 0.05437456314, 0.03614814289, -0.004673073134}}, {{0.04588977039, 0.02365413971, -0.02452412792, 0.05437456314}, {-0.02365413971, 0.4095756639, 0.02715049595, -0.04379204798}, {-0.02452039224, -0.02715049595, 0.009690574419, -0.01855178694}, {0.05437456314, 0.04379204798, -0.01855178694, 0.05514311433}}, {{0.04676780143, -0.02452412904, 0.05246111009, 0.01858847311}, {0.06659447566, 0.02715049595, 0.3752340909, -0.02043907074}, {0.003133507141, 0.009690574419, -0.01287863042, -0.005483029148}, {0.03614814289, -0.01855178694, 0.04825396693, 0.01059619782}}, {{-0.02236689926, 0.05437456314, 0.01858847311, 0.006310878359}, {0.01554925437, -0.04379204798, -0.02043907074, 0.3746412899}, {0.0002500134527, -0.01855178694, -0.005483029148, -0.02339008724}, {-0.004673073134, 0.05514311433, 0.01059619782, 0.01747989569}}}, {{{0.07964890545, -0.04676838973, 0.03827004166, 0.01577391435}, {-0.02482580735, -0.02452039112, 0.003133507141, 0.0002500134527}, {0.3999851284, -0.05246111009, 0.04682942239, 0.0116718932}, {-0.01246572482, -0.01858847311, -0.005541253914, -0.01098558981}}, {{-0.04676838973, 0.06659447566, -0.003133507141, -0.03614814289}, {-0.02452039112, -0.02715049595, 0.009690574419, -0.01855178694}, {-0.05246111009, 0.3752340909, 0.01287863042, -0.04825396693}, {-0.01858847311, -0.02043885121, 0.005483174564, -0.01059619782}}, {{0.03827004166, -0.003133507141, 0.04681768575, -0.005541253914}, {0.003133507141, 0.009690574419, -0.01287863042, -0.005483029148}, {0.04682942239, 0.01287863042, 0.3434005475, -0.002497799755}, {-0.005541253914, 0.005483174564, -0.002497799755, 0.01129308317}}, {{0.01577391435, -0.03614814289, -0.005541253914, 0.04079018381}, {0.0002500134527, -0.01855178694, -0.005483029148, -0.02339008724}, {0.0116718932, -0.04825396693, -0.002497799755, 0.3401716503}, {-0.01098349534, -0.01059619782, 0.01129308317, -0.01315158411}}}, {{{0.01705707079, 0.02236689926, 0.01577391435, 0.009743790792}, {0.0790240724, 0.05437456314, 0.03614814289, -0.004673073134}, {-0.01246572482, -0.01858847311, -0.005541253914, -0.01098558981}, {0.3914967655, -0.006310878359, 0.04079018381, 0.01430114179}}, {{0.02236689926, 0.01553075536, -0.0002500134527, 0.004673073134}, {0.05437456314, 0.04379204798, -0.01855178694, 0.05514311433}, {-0.01858847311, -0.02043885121, 0.005483174564, -0.01059619782}, {-0.006310878359, 0.3745939514, 0.02339194629, -0.01747989569}}, {{0.01577391435, -0.0002500134527, 0.0116718932, -0.01096280755}, {0.03614814289, -0.01855178694, 0.04825396693, 0.01059619782}, {-0.005541253914, 0.005483174564, -0.002497799755, 0.01129308317}, {0.04079018381, 0.02339194629, 0.3401716503, -0.01315158411}}, {{0.009743790792, 0.004673073134, -0.01096280755, 0.01430114179}, {-0.004673073134, 0.05514311433, 0.01059619782, 0.01747989569}, {-0.01098349534, -0.01059619782, 0.01129308317, -0.01315158411}, {0.01430114179, -0.01747989569, -0.01315158411, 0.3467593236}}}}
0.492546     -0.0875431   0.0794284    0.0170567      -0.0875431   0.446518     0.0248258    -0.0790244     0.0794284    0.0248258    0.399983     -0.0124657     0.0170567    -0.0790244   -0.0124657   0.391497
0.0875431    0.0458898    0.0467678    -0.0223669     0.0458898    0.0236541    -0.0245241   0.0543746      0.0467678    -0.0245241   0.0524611    0.0185885      -0.0223669   0.0543746    0.0185885    0.00631088
0.0796489    -0.0467684   0.03827      0.0157739      -0.0467684   0.0665945    -0.00313351  -0.0361481     0.03827      -0.00313351  0.0468177    -0.00554125    0.0157739    -0.0361481   -0.00554125  0.0407902
0.0170579    0.0223669    0.0157739    0.00974379     0.0223669    0.0155284    -0.000250013 0.00467307     0.0157739    -0.000250013 0.0116719    -0.0109698     0.00974379   0.00467307   -0.0109698   0.0143011

0.0875431    0.0458898    0.0467678    -0.0223669     0.0458898    0.0236541    -0.0245241   0.0543746      0.0467678    -0.0245241   0.0524611    0.0185885      -0.0223669   0.0543746    0.0185885    0.00631088
0.446518     -0.0236541   0.0665945    0.0155493      -0.0236541   0.409576     0.0271505    -0.043792      0.0665945    0.0271505    0.375234     -0.0204391     0.0155493    -0.043792    -0.0204391   0.374641
-0.0248258   -0.0245204   0.00313351   0.000250013    -0.0245204   -0.0271505   0.00969057   -0.0185518     0.00313351   0.00969057   -0.0128786   -0.00548303    0.000250013  -0.0185518   -0.00548303  -0.0233901
0.0790241    0.0543746    0.0361481    -0.00467307    0.0543746    0.043792     -0.0185518   0.0551431      0.0361481    -0.0185518   0.048254     0.0105962      -0.00467307  0.0551431    0.0105962    0.0174799

0.0796489    -0.0467684   0.03827      0.0157739      -0.0467684   0.0665945    -0.00313351  -0.0361481     0.03827      -0.00313351  0.0468177    -0.00554125    0.0157739    -0.0361481   -0.00554125  0.0407902
-0.0248258   -0.0245204   0.00313351   0.000250013    -0.0245204   -0.0271505   0.00969057   -0.0185518     0.00313351   0.00969057   -0.0128786   -0.00548303    0.000250013  -0.0185518   -0.00548303  -0.0233901
0.399985     -0.0524611   0.0468294    0.0116719      -0.0524611   0.375234     0.0128786    -0.048254      0.0468294    0.0128786    0.343401     -0.0024978     0.0116719    -0.048254    -0.0024978   0.340172
-0.0124657   -0.0185885   -0.00554125  -0.0109856     -0.0185885   -0.0204389   0.00548317   -0.0105962     -0.00554125  0.00548317   -0.0024978   0.0112931      -0.0109835   -0.0105962   0.0112931    -0.0131516

0.0170571    0.0223669    0.0157739    0.00974379     0.0223669    0.0155308    -0.000250013 0.00467307     0.0157739    -0.000250013 0.0116719    -0.0109628     0.00974379   0.00467307   -0.0109628   0.0143011
0.0790241    0.0543746    0.0361481    -0.00467307    0.0543746    0.043792     -0.0185518   0.0551431      0.0361481    -0.0185518   0.048254     0.0105962      -0.00467307  0.0551431    0.0105962    0.0174799
-0.0124657   -0.0185885   -0.00554125  -0.0109856     -0.0185885   -0.0204389   0.00548317   -0.0105962     -0.00554125  0.00548317   -0.0024978   0.0112931      -0.0109835   -0.0105962   0.0112931    -0.0131516
0.391497     -0.00631088  0.0407902    0.0143011      -0.00631088  0.374594     0.0233919    -0.0174799     0.0407902    0.0233919    0.340172     -0.0131516     0.0143011    -0.0174799   -0.0131516   0.346759


    Hamiltonian Matrix BA:    < psi_{i1,B} <psi_{i2,A} | V_e-e | psi_{i3,B} <psi_{i4,A} >

HijkBA: {{{{0.534085024, 0.05052033935, 0.1028535814, 0.005118437505}, {0.05052033935, -0.078689411, 0.0302736332, -0.01637981924}, {0.1027137297, 0.0302736332, 0.05983927454, 0.005214316433}, {0.005118437505, -0.01637981924, 0.005214316433, 0.02207794911}}, {{0.05052033935, 0.4551761261, -0.01138762518, 0.04214063109}, {-0.078689411, 0.007312063211, 0.02162582005, -0.06957870664}, {0.0302736332, 0.05076374216, 0.005148594729, 0.01879414969}, {-0.01637981924, 0.02643695748, -0.002590613245, -0.0009647549268}}, {{0.1028535814, -0.01138762518, 0.4254061461, -0.003157441331}, {0.0302736332, 0.02162582005, 0.03118002727, 0.01111813211}, {0.05983927454, 0.005148594729, 0.06247511277, -0.001205982415}, {0.005214316433, -0.002590613245, 0.003490277344, -0.01545964009}}, {{0.005118437505, 0.04214063109, -0.003157441331, 0.3934149}, {-0.01637981924, -0.06957870664, 0.01111813211, 0.0008565296468}, {0.005214316433, 0.01879414969, -0.001205982415, 0.03160837869}, {0.02207794911, -0.0009647549268, -0.01545964009, 0.01900588762}}}, {{{0.05052033935, -0.078689411, 0.0302736332, -0.01637981924}, {0.4551761261, 0.007312063211, 0.05076374216, 0.02641723453}, {-0.01138762518, 0.02161798065, 0.005148594729, -0.002590613245}, {0.04214063109, -0.06957870664, 0.01879414969, -0.0009647549268}}, {{-0.078689411, 0.007312063211, 0.02162582782, -0.06957870664}, {0.007312063211, 0.4366545455, -0.01848269536, 0.02590146781}, {0.02161797288, -0.01848269536, -0.02153310762, 0.02461761442}, {-0.06957870664, 0.02590146781, 0.02461761442, -0.0763018754}}, {{0.0302736332, 0.02162582005, 0.03118002727, 0.01111813211}, {0.05076374216, -0.01848269536, 0.3781220958, -0.02013145385}, {0.005148594729, -0.02153310762, -0.002692927996, -0.004762807276}, {0.01879414969, 0.02461761442, 0.02422194101, 0.007503942694}}, {{-0.01637981924, -0.06957870664, 0.01111813211, 0.0008565296468}, {0.02641723558, 0.02590146781, -0.02013145385, 0.3896763083}, {-0.002590613245, 0.02461761442, -0.004762807276, -0.01302400785}, {-0.0009647549268, -0.0763018754, 0.007503942694, 0.006392649697}}}, {{{0.1027137297, 0.0302736332, 0.05983927454, 0.005214316433}, {-0.01138762518, 0.02161798065, 0.005148594729, -0.002590613245}, {0.4247381957, 0.03118002727, 0.06247347685, 0.003490277344}, {-0.003157441331, 0.01111813211, -0.001205982415, -0.01545553261}}, {{0.0302736332, 0.05076374216, 0.005148594729, 0.01879414969}, {0.02161798065, -0.01848269536, -0.02153310762, 0.02461761442}, {0.03118002727, 0.3781220958, -0.002692927996, 0.02422194101}, {0.01111813211, -0.02013145385, -0.004762807276, 0.007503942694}}, {{0.05983927454, 0.005148594729, 0.06247511277, -0.001205982415}, {0.005148594729, -0.02153310762, -0.002692927996, -0.004762807276}, {0.06247347685, -0.002692927996, 0.3657224276, -0.0002260009553}, {-0.001205982415, -0.004762807276, -0.0002260009553, 0.01879099303}}, {{0.005214316433, 0.01879414969, -0.001205982415, 0.03160837869}, {-0.002590613245, 0.02461761442, -0.004762807276, -0.01302400785}, {0.003490277344, 0.02422194101, -0.0002260009553, 0.3415809092}, {-0.01545553018, 0.007503942694, 0.01879099303, -0.01579875534}}}, {{{0.005118437505, -0.01637981924, 0.005214316433, 0.02207794911}, {0.04214063109, -0.06957870664, 0.01879414969, -0.0009647549268}, {-0.003157441331, 0.01111813211, -0.001205982415, -0.01545553261}, {0.3934149, 0.0008565296468, 0.03160837869, 0.01900588762}}, {{-0.01637981924, 0.02643695748, -0.002590613245, -0.0009647549268}, {-0.06957870664, 0.02590146781, 0.02461761442, -0.0763018754}, {0.01111813211, -0.02013145385, -0.004762807276, 0.007503942694}, {0.0008565296468, 0.3896763083, -0.01302400785, 0.006392649697}}, {{0.005214316433, -0.002590613245, 0.003490277344, -0.01545966429}, {0.01879414969, 0.02461761442, 0.02422194101, 0.007503942694}, {-0.001205982415, -0.004762807276, -0.0002260009553, 0.01879099303}, {0.03160837869, -0.01302400785, 0.3415809092, -0.01579875534}}, {{0.02207794911, -0.0009647549268, -0.01545966429, 0.01900588762}, {-0.0009647549268, -0.0763018754, 0.007503942694, 0.006392649697}, {-0.01545553018, 0.007503942694, 0.01879099303, -0.01579875534}, {0.01900588762, 0.006392649697, -0.01579875534, 0.3660981541}}}}
0.534085     0.0505203    0.102854     0.00511844     0.0505203    0.455176     -0.0113876   0.0421406      0.102854     -0.0113876   0.425406     -0.00315744    0.00511844   0.0421406    -0.00315744  0.393415
0.0505203    -0.0786894   0.0302736    -0.0163798     -0.0786894   0.00731206   0.0216258    -0.0695787     0.0302736    0.0216258    0.03118      0.0111181      -0.0163798   -0.0695787   0.0111181    0.00085653
0.102714     0.0302736    0.0598393    0.00521432     0.0302736    0.0507637    0.00514859   0.0187941      0.0598393    0.00514859   0.0624751    -0.00120598    0.00521432   0.0187941    -0.00120598  0.0316084
0.00511844   -0.0163798   0.00521432   0.0220779      -0.0163798   0.026437     -0.00259061  -0.000964755   0.00521432   -0.00259061  0.00349028   -0.0154596     0.0220779    -0.000964755 -0.0154596   0.0190059

0.0505203    -0.0786894   0.0302736    -0.0163798     -0.0786894   0.00731206   0.0216258    -0.0695787     0.0302736    0.0216258    0.03118      0.0111181      -0.0163798   -0.0695787   0.0111181    0.00085653
0.455176     0.00731206   0.0507637    0.0264172      0.00731206   0.436655     -0.0184827   0.0259015      0.0507637    -0.0184827   0.378122     -0.0201315     0.0264172    0.0259015    -0.0201315   0.389676
-0.0113876   0.021618     0.00514859   -0.00259061    0.021618     -0.0184827   -0.0215331   0.0246176      0.00514859   -0.0215331   -0.00269293  -0.00476281    -0.00259061  0.0246176    -0.00476281  -0.013024
0.0421406    -0.0695787   0.0187941    -0.000964755   -0.0695787   0.0259015    0.0246176    -0.0763019     0.0187941    0.0246176    0.0242219    0.00750394     -0.000964755 -0.0763019   0.00750394   0.00639265

0.102714     0.0302736    0.0598393    0.00521432     0.0302736    0.0507637    0.00514859   0.0187941      0.0598393    0.00514859   0.0624751    -0.00120598    0.00521432   0.0187941    -0.00120598  0.0316084
-0.0113876   0.021618     0.00514859   -0.00259061    0.021618     -0.0184827   -0.0215331   0.0246176      0.00514859   -0.0215331   -0.00269293  -0.00476281    -0.00259061  0.0246176    -0.00476281  -0.013024
0.424738     0.03118      0.0624735    0.00349028     0.03118      0.378122     -0.00269293  0.0242219      0.0624735    -0.00269293  0.365722     -0.000226001   0.00349028   0.0242219    -0.000226001 0.341581
-0.00315744  0.0111181    -0.00120598  -0.0154555     0.0111181    -0.0201315   -0.00476281  0.00750394     -0.00120598  -0.00476281  -0.000226001 0.018791       -0.0154555   0.00750394   0.018791     -0.0157988

0.00511844   -0.0163798   0.00521432   0.0220779      -0.0163798   0.026437     -0.00259061  -0.000964755   0.00521432   -0.00259061  0.00349028   -0.0154597     0.0220779    -0.000964755 -0.0154597   0.0190059
0.0421406    -0.0695787   0.0187941    -0.000964755   -0.0695787   0.0259015    0.0246176    -0.0763019     0.0187941    0.0246176    0.0242219    0.00750394     -0.000964755 -0.0763019   0.00750394   0.00639265
-0.00315744  0.0111181    -0.00120598  -0.0154555     0.0111181    -0.0201315   -0.00476281  0.00750394     -0.00120598  -0.00476281  -0.000226001 0.018791       -0.0154555   0.00750394   0.018791     -0.0157988
0.393415     0.00085653   0.0316084    0.0190059      0.00085653   0.389676     -0.013024    0.00639265     0.0316084    -0.013024    0.341581     -0.0157988     0.0190059    0.00639265   -0.0157988   0.366098


    Hamiltonian Matrix BC:    < psi_{i1,B} <psi_{i2,C} | V_e-e | psi_{i3,B} <psi_{i4,C} >

HijkBC: {{{{0.534085024, -0.05052033935, 0.1028535814, 0.005118437505}, {-0.05052033935, -0.078689411, -0.0302736332, 0.01637981924}, {0.1027137297, -0.0302736332, 0.05983927454, 0.005214316433}, {0.005118437505, 0.01637981924, 0.005214316433, 0.02207794911}}, {{-0.05052033935, 0.4551761261, 0.01138762518, -0.04214063109}, {-0.078689411, -0.007312063211, 0.02162582005, -0.06957870664}, {-0.0302736332, 0.05076374216, -0.005148594729, -0.01879414969}, {0.01637981924, 0.02643515778, 0.002590613245, 0.0009647549268}}, {{0.1028535814, 0.01138762518, 0.4254061461, -0.003157441331}, {-0.0302736332, 0.02162582005, -0.03118002727, -0.01111813211}, {0.05983927454, -0.005148594729, 0.06247511277, -0.001205982415}, {0.005214316433, 0.002590613245, 0.003490277344, -0.01545960788}}, {{0.005118437505, -0.04214063109, -0.003157441331, 0.3934149}, {0.01637981924, -0.06957870664, -0.01111813211, -0.0008565296468}, {0.005214316433, -0.01879414969, -0.001205982415, 0.03160837869}, {0.02207794911, 0.0009647549268, -0.01545960788, 0.01900588762}}}, {{{-0.05052033935, -0.078689411, -0.0302736332, 0.01637981924}, {0.4551761261, -0.007312063211, 0.05076374216, 0.02641723558}, {0.01138762518, 0.02161798065, -0.005148594729, 0.002590613245}, {-0.04214063109, -0.06957870664, -0.01879414969, 0.0009647549268}}, {{-0.078689411, -0.007312063211, 0.02162582782, -0.06957870664}, {-0.007312063211, 0.4366545455, 0.01848269536, -0.02590146781}, {0.02161797288, 0.01848269536, -0.02153310762, 0.02461761442}, {-0.06957870664, -0.02590146781, 0.02461761442, -0.0763018754}}, {{-0.0302736332, 0.02162582005, -0.03118002727, -0.01111813211}, {0.05076374216, 0.01848269536, 0.3781220958, -0.02013145385}, {-0.005148594729, -0.02153310762, 0.002692927996, 0.004762807276}, {-0.01879414969, 0.02461761442, -0.02422194101, -0.007503942694}}, {{0.01637981924, -0.06957870664, -0.01111813211, -0.0008565296468}, {0.02641723558, -0.02590146781, -0.02013145385, 0.3896763083}, {0.002590613245, 0.02461761442, 0.004762807276, 0.01302400785}, {0.0009647549268, -0.0763018754, -0.007503942694, -0.006392649697}}}, {{{0.1027137297, -0.0302736332, 0.05983927454, 0.005214316433}, {0.01138762518, 0.02161798065, -0.005148594729, 0.002590613245}, {0.4247381957, -0.03118002727, 0.06247347685, 0.003490277344}, {-0.003157441331, -0.01111813211, -0.001205982415, -0.01545556482}}, {{-0.0302736332, 0.05076374216, -0.005148594729, -0.01879414969}, {0.02161798065, 0.01848269536, -0.02153310762, 0.02461761442}, {-0.03118002727, 0.3781220958, 0.002692927996, -0.02422194101}, {-0.01111813211, -0.02013145385, 0.004762807276, -0.007503942694}}, {{0.05983927454, -0.005148594729, 0.06247511277, -0.001205982415}, {-0.005148594729, -0.02153310762, 0.002692927996, 0.004762807276}, {0.06247347685, 0.002692927996, 0.3657224276, -0.0002260009553}, {-0.001205982415, 0.004762807276, -0.0002260009553, 0.01879099303}}, {{0.005214316433, -0.01879414969, -0.001205982415, 0.03160837869}, {0.002590613245, 0.02461761442, 0.004762807276, 0.01302400785}, {0.003490277344, -0.02422194101, -0.0002260009553, 0.3415809092}, {-0.01545553655, -0.007503942694, 0.01879099303, -0.01579875534}}}, {{{0.005118437505, 0.01637981924, 0.005214316433, 0.02207794911}, {-0.04214063109, -0.06957870664, -0.01879414969, 0.0009647549268}, {-0.003157441331, -0.01111813211, -0.001205982415, -0.01545556482}, {0.3934149, -0.0008565296468, 0.03160837869, 0.01900588762}}, {{0.01637981924, 0.02643756941, 0.002590613245, 0.0009647549268}, {-0.06957870664, -0.02590146781, 0.02461761442, -0.0763018754}, {-0.01111813211, -0.02013145385, 0.004762807276, -0.007503942694}, {-0.0008565296468, 0.3896763083, 0.01302400785, -0.006392649697}}, {{0.005214316433, 0.002590613245, 0.003490277344, -0.01545965792}, {-0.01879414969, 0.02461761442, -0.02422194101, -0.007503942694}, {-0.001205982415, 0.004762807276, -0.0002260009553, 0.01879099303}, {0.03160837869, 0.01302400785, 0.3415809092, -0.01579875534}}, {{0.02207794911, 0.0009647549268, -0.01545965792, 0.01900588762}, {0.0009647549268, -0.0763018754, -0.007503942694, -0.006392649697}, {-0.01545553655, -0.007503942694, 0.01879099303, -0.01579875534}, {0.01900588762, -0.006392649697, -0.01579875534, 0.3660981541}}}}
0.534085     -0.0505203   0.102854     0.00511844     -0.0505203   0.455176     0.0113876    -0.0421406     0.102854     0.0113876    0.425406     -0.00315744    0.00511844   -0.0421406   -0.00315744  0.393415
-0.0505203   -0.0786894   -0.0302736   0.0163798      -0.0786894   -0.00731206  0.0216258    -0.0695787     -0.0302736   0.0216258    -0.03118     -0.0111181     0.0163798    -0.0695787   -0.0111181   -0.00085653
0.102714     -0.0302736   0.0598393    0.00521432     -0.0302736   0.0507637    -0.00514859  -0.0187941     0.0598393    -0.00514859  0.0624751    -0.00120598    0.00521432   -0.0187941   -0.00120598  0.0316084
0.00511844   0.0163798    0.00521432   0.0220779      0.0163798    0.0264352    0.00259061   0.000964755    0.00521432   0.00259061   0.00349028   -0.0154596     0.0220779    0.000964755  -0.0154596   0.0190059

-0.0505203   -0.0786894   -0.0302736   0.0163798      -0.0786894   -0.00731206  0.0216258    -0.0695787     -0.0302736   0.0216258    -0.03118     -0.0111181     0.0163798    -0.0695787   -0.0111181   -0.00085653
0.455176     -0.00731206  0.0507637    0.0264172      -0.00731206  0.436655     0.0184827    -0.0259015     0.0507637    0.0184827    0.378122     -0.0201315     0.0264172    -0.0259015   -0.0201315   0.389676
0.0113876    0.021618     -0.00514859  0.00259061     0.021618     0.0184827    -0.0215331   0.0246176      -0.00514859  -0.0215331   0.00269293   0.00476281     0.00259061   0.0246176    0.00476281   0.013024
-0.0421406   -0.0695787   -0.0187941   0.000964755    -0.0695787   -0.0259015   0.0246176    -0.0763019     -0.0187941   0.0246176    -0.0242219   -0.00750394    0.000964755  -0.0763019   -0.00750394  -0.00639265

0.102714     -0.0302736   0.0598393    0.00521432     -0.0302736   0.0507637    -0.00514859  -0.0187941     0.0598393    -0.00514859  0.0624751    -0.00120598    0.00521432   -0.0187941   -0.00120598  0.0316084
0.0113876    0.021618     -0.00514859  0.00259061     0.021618     0.0184827    -0.0215331   0.0246176      -0.00514859  -0.0215331   0.00269293   0.00476281     0.00259061   0.0246176    0.00476281   0.013024
0.424738     -0.03118     0.0624735    0.00349028     -0.03118     0.378122     0.00269293   -0.0242219     0.0624735    0.00269293   0.365722     -0.000226001   0.00349028   -0.0242219   -0.000226001 0.341581
-0.00315744  -0.0111181   -0.00120598  -0.0154556     -0.0111181   -0.0201315   0.00476281   -0.00750394    -0.00120598  0.00476281   -0.000226001 0.018791       -0.0154555   -0.00750394  0.018791     -0.0157988

0.00511844   0.0163798    0.00521432   0.0220779      0.0163798    0.0264376    0.00259061   0.000964755    0.00521432   0.00259061   0.00349028   -0.0154597     0.0220779    0.000964755  -0.0154597   0.0190059
-0.0421406   -0.0695787   -0.0187941   0.000964755    -0.0695787   -0.0259015   0.0246176    -0.0763019     -0.0187941   0.0246176    -0.0242219   -0.00750394    0.000964755  -0.0763019   -0.00750394  -0.00639265
