Oscillators N=4 2022-12-24 w=0.471533 a=4.50000.nb ( N = 4, M = 4 )
~~~~~~~~~~~~~~~~~~~~~~~~~~~~~~~~~~~~~~
Run Commenced: Fri 30 Dec 2022 20:50:12
Run Completed: Fri 30 Dec 2022 23:18:03
Time Elapsed: 02:27:51

Oscillators Used: 4
Wavefunctions Used: 4
Internuclear Separation: 7.
omega: 0.472
nu : 0.235638

For display purposes, the threshold of Hamiltonian matrix elements has been set to: 10^-6.


    Hamiltonian Matrix A:    < psi_{i,A} | H_k | psi_{j,A} >
    H_1 = T_kin,    H_2 = V_pot,    H_3 = V_1-B,    H_4 = V_1-C,    H_5 = V_A-B,    H_6 = V_A-C 

HijkA: {{{0.35364975, 0.35364975, -0.1428571226, -0.07142853549, -0.04761904092, 0.1428571224, 0.07142856122, 0.04761904082}, {0., 0., -0.02102088447, -0.005255221202, -0.002335653871, 0., 0., 0.}, {0.2887538117, -0.2887538117, 0., 0., 0., 0., 0., 0.}, {0., 0., -0.005357481873, -0.0006696852398, -0.0001984252565, 0., 0., 0.}}, {{0., 0., -0.02102088447, -0.005255221202, -0.002335653871, 0., 0., 0.}, {0.58941625, 0.58941625, -0.1490434205, -0.07220185549, -0.04784816866, 0.1428571224, 0.07142856122, 0.04761904082}, {0., 0., 0.01716348017, 0.004290870136, 0.001907053394, 0., 0., 0.}, {0., 0., -0.0266378261, -0.006216019145, -0.00272617831, 0., 0., 0.}}, {{0.2887538117, -0.2887538117, 0., 0., 0., 0., 0., 0.}, {0., 0., 0.01716348017, 0.004290870136, 0.001907053394, 0., 0., 0.}, {0.82518275, 0.82518275, -0.1428571236, -0.07142856268, -0.04761904221, 0.1428571224, 0.07142856122, 0.04761904082}, {0., 0., 0.00874873046, 0.001093591413, 0.000324027086, 0., 0., 0.}}, {{0., 0., -0.005357481873, -0.0006696852398, -0.0001984252565, 0., 0., 0.}, {0., 0., -0.0266378261, -0.006216019145, -0.00272617831, 0., 0., 0.}, {0., 0., 0.00874873046, 0.001093591413, 0.000324027086, 0., 0., 0.}, {0.82518275, 0.82518275, -0.1502489183, -0.07223952297, -0.0478531243, 0.1428571224, 0.07142856122, 0.04761904082}}}
0.35365        0.             0.288754       0.
0.35365        0.             -0.288754      0.
-0.142857      -0.0210209     0.             -0.00535748
-0.0714285     -0.00525522    0.             -0.000669685
-0.047619      -0.00233565    0.             -0.000198425
0.142857       0.             0.             0.
0.0714286      0.             0.             0.
0.047619       0.             0.             0.

0.             0.589416       0.             0.
0.             0.589416       0.             0.
-0.0210209     -0.149043      0.0171635      -0.0266378
-0.00525522    -0.0722019     0.00429087     -0.00621602
-0.00233565    -0.0478482     0.00190705     -0.00272618
0.             0.142857       0.             0.
0.             0.0714286      0.             0.
0.             0.047619       0.             0.

0.288754       0.             0.825183       0.
-0.288754      0.             0.825183       0.
0.             0.0171635      -0.142857      0.00874873
0.             0.00429087     -0.0714286     0.00109359
0.             0.00190705     -0.047619      0.000324027
0.             0.             0.142857       0.
0.             0.             0.0714286      0.
0.             0.             0.047619       0.

0.             0.             0.             0.825183
0.             0.             0.             0.825183
-0.00535748    -0.0266378     0.00874873     -0.150249
-0.000669685   -0.00621602    0.00109359     -0.0722395
-0.000198425   -0.00272618    0.000324027    -0.0478531
0.             0.             0.             0.142857
0.             0.             0.             0.0714286
0.             0.             0.             0.047619


    Hamiltonian Matrix B:    < psi_{i,B} | H_k | psi_{j,B} >
    H_1 = T_kin,    H_2 = V_pot,    H_3 = V_2-A,    H_4 = V_2-C,    H_5 = V_B-A,    H_6 = V_B-C 

HijkB: {{{0.35364975, 0.35364975, -0.1428571226, -0.1428571226, -0.07142853549, 0.1428571224, 0.1428571224, 0.07142856122}, {0., 0., -0.02102088447, 0.02102088447, 0.005255221202, 0., 0., 0.}, {0.2887538117, -0.2887538117, 0., 0., 0., 0., 0., 0.}, {0., 0., -0.005357481873, -0.005357481873, -0.0006696852398, 0., 0., 0.}}, {{0., 0., -0.02102088447, 0.02102088447, 0.005255221202, 0., 0., 0.}, {0.58941625, 0.58941625, -0.1490434205, -0.1490434205, -0.07220185549, 0.1428571224, 0.1428571224, 0.07142856122}, {0., 0., 0.01716348017, -0.01716348017, -0.004290870136, 0., 0., 0.}, {0., 0., -0.0266378261, 0.0266378261, 0.006216019145, 0., 0., 0.}}, {{0.2887538117, -0.2887538117, 0., 0., 0., 0., 0., 0.}, {0., 0., 0.01716348017, -0.01716348017, -0.004290870136, 0., 0., 0.}, {0.82518275, 0.82518275, -0.1428571236, -0.1428571236, -0.07142856268, 0.1428571224, 0.1428571224, 0.07142856122}, {0., 0., 0.00874873046, 0.00874873046, 0.001093591413, 0., 0., 0.}}, {{0., 0., -0.005357481873, -0.005357481873, -0.0006696852398, 0., 0., 0.}, {0., 0., -0.0266378261, 0.0266378261, 0.006216019145, 0., 0., 0.}, {0., 0., 0.00874873046, 0.00874873046, 0.001093591413, 0., 0., 0.}, {0.82518275, 0.82518275, -0.1502489183, -0.1502489183, -0.07223952297, 0.1428571224, 0.1428571224, 0.07142856122}}}
0.35365        0.             0.288754       0.
0.35365        0.             -0.288754      0.
-0.142857      -0.0210209     0.             -0.00535748
-0.142857      0.0210209      0.             -0.00535748
-0.0714285     0.00525522     0.             -0.000669685
0.142857       0.             0.             0.
0.142857       0.             0.             0.
0.0714286      0.             0.             0.

0.             0.589416       0.             0.
0.             0.589416       0.             0.
-0.0210209     -0.149043      0.0171635      -0.0266378
0.0210209      -0.149043      -0.0171635     0.0266378
0.00525522     -0.0722019     -0.00429087    0.00621602
0.             0.142857       0.             0.
0.             0.142857       0.             0.
0.             0.0714286      0.             0.

0.288754       0.             0.825183       0.
-0.288754      0.             0.825183       0.
0.             0.0171635      -0.142857      0.00874873
0.             -0.0171635     -0.142857      0.00874873
0.             -0.00429087    -0.0714286     0.00109359
0.             0.             0.142857       0.
0.             0.             0.142857       0.
0.             0.             0.0714286      0.

0.             0.             0.             0.825183
0.             0.             0.             0.825183
-0.00535748    -0.0266378     0.00874873     -0.150249
-0.00535748    0.0266378      0.00874873     -0.150249
-0.000669685   0.00621602     0.00109359     -0.0722395
0.             0.             0.             0.142857
0.             0.             0.             0.142857
0.             0.             0.             0.0714286


    Hamiltonian Matrix C:    < psi_{i,C} | H_k | psi_{j,C} >
    H_1 = T_kin,    H_2 = V_pot,    H_3 = V_3-A,    H_4 = V_3-B,    H_5 = V_C-A,    H_6 = V_C-B 

HijkC: {{{0.35364975, 0.35364975, -0.07142853549, -0.1428571226, -0.1428571226, 0.07142856122, 0.1428571224, 0.1428571224}, {0., 0., 0.005255221202, 0.02102088447, -0.02102088447, 0., 0., 0.}, {0.2887538117, -0.2887538117, 0., 0., 0., 0., 0., 0.}, {0., 0., -0.0006696852398, -0.005357481873, -0.005357481873, 0., 0., 0.}}, {{0., 0., 0.005255221202, 0.02102088447, -0.02102088447, 0., 0., 0.}, {0.58941625, 0.58941625, -0.07220185549, -0.1490434205, -0.1490434205, 0.07142856122, 0.1428571224, 0.1428571224}, {0., 0., -0.004290870136, -0.01716348017, 0.01716348017, 0., 0., 0.}, {0., 0., 0.006216019145, 0.0266378261, -0.0266378261, 0., 0., 0.}}, {{0.2887538117, -0.2887538117, 0., 0., 0., 0., 0., 0.}, {0., 0., -0.004290870136, -0.01716348017, 0.01716348017, 0., 0., 0.}, {0.82518275, 0.82518275, -0.07142856268, -0.1428571236, -0.1428571236, 0.07142856122, 0.1428571224, 0.1428571224}, {0., 0., 0.001093591413, 0.00874873046, 0.00874873046, 0., 0., 0.}}, {{0., 0., -0.0006696852398, -0.005357481873, -0.005357481873, 0., 0., 0.}, {0., 0., 0.006216019145, 0.0266378261, -0.0266378261, 0., 0., 0.}, {0., 0., 0.001093591413, 0.00874873046, 0.00874873046, 0., 0., 0.}, {0.82518275, 0.82518275, -0.07223952297, -0.1502489183, -0.1502489183, 0.07142856122, 0.1428571224, 0.1428571224}}}
0.35365        0.             0.288754       0.
0.35365        0.             -0.288754      0.
-0.0714285     0.00525522     0.             -0.000669685
-0.142857      0.0210209      0.             -0.00535748
-0.142857      -0.0210209     0.             -0.00535748
0.0714286      0.             0.             0.
0.142857       0.             0.             0.
0.142857       0.             0.             0.

0.             0.589416       0.             0.
0.             0.589416       0.             0.
0.00525522     -0.0722019     -0.00429087    0.00621602
0.0210209      -0.149043      -0.0171635     0.0266378
-0.0210209     -0.149043      0.0171635      -0.0266378
0.             0.0714286      0.             0.
0.             0.142857       0.             0.
0.             0.142857       0.             0.

0.288754       0.             0.825183       0.
-0.288754      0.             0.825183       0.
0.             -0.00429087    -0.0714286     0.00109359
0.             -0.0171635     -0.142857      0.00874873
0.             0.0171635      -0.142857      0.00874873
0.             0.             0.0714286      0.
0.             0.             0.142857       0.
0.             0.             0.142857       0.

0.             0.             0.             0.825183
0.             0.             0.             0.825183
-0.000669685   0.00621602     0.00109359     -0.0722395
-0.00535748    0.0266378      0.00874873     -0.150249
-0.00535748    -0.0266378     0.00874873     -0.150249
0.             0.             0.             0.0714286
0.             0.             0.             0.142857
0.             0.             0.             0.142857


    Hamiltonian Matrix AB:    < psi_{i1,A} <psi_{i2,B} | V_e-e | psi_{i3,A} <psi_{i4,B} >

HijkAB: {{{{0.142857594, 0.02102018442, 0.0000007144154633, 0.005355987831}, {0.02102018442, 0.006183963498, 0.000003128627401, 0.002359949152}, {0.0000007097047027, 0.000003128627401, -0.000003325286676, 0.000006568160753}, {0.005355987831, 0.002359949152, 0.000006568160753, 0.001194617874}}, {{0.02102018442, 0.1490412459, -0.01716077154, 0.02663152962}, {0.006183963498, 0.0237428473, -0.005038183615, 0.008514168965}, {0.000003128627401, 0.00001235702566, -0.00001462837586, 0.00002386674137}, {0.002359949152, 0.006731499343, -0.001906267975, 0.003573272903}}, {{0.0000007144154633, -0.01716077154, 0.1428533398, -0.008740137971}, {0.000003128627401, -0.005038183615, 0.02100510653, -0.003832035857}, {-0.000003325286676, -0.00001462837586, 0.00001854922602, -0.00003327853877}, {0.000006568160753, -0.001906267975, 0.005321635292, -0.001909552298}}, {{0.005355987831, 0.02663152962, -0.008740137971, 0.1502369764}, {0.002359949152, 0.008514168965, -0.003832035857, 0.02459232272}, {0.000006568160753, 0.00002386674137, -0.00003327853877, 0.00005309765966}, {0.001194617874, 0.003573272903, -0.001909552298, 0.00733783814}}}, {{{0.02102018442, 0.006183963498, 0.000003128627401, 0.002359949152}, {0.1490412459, 0.0237428473, 0.00001235702566, 0.006730454322}, {-0.01716077154, -0.005038374924, -0.00001462837586, -0.001906267975}, {0.02663152962, 0.008514168965, 0.00002386674137, 0.003573272903}}, {{0.006183963498, 0.0237428473, -0.005038183959, 0.008514168965}, {0.0237428473, 0.1568051069, -0.01934634725, 0.03073793067}, {-0.005038372366, -0.01934634725, 0.004025910466, -0.006812246692}, {0.008514168965, 0.03073793067, -0.006812246692, 0.01209238674}}, {{0.000003128627401, -0.005038183615, 0.02100510653, -0.003832035857}, {0.00001235702566, -0.01934634725, 0.1489780857, -0.01092117273}, {-0.00001462837586, 0.004025910466, -0.01708633888, 0.003030754428}, {0.00002386674137, -0.006812246692, 0.0265126406, -0.005707357384}}, {{0.002359949152, 0.008514168965, -0.003832035857, 0.02459232272}, {0.006730448237, 0.03073793067, -0.01092117273, 0.15867699}, {-0.001906267975, -0.006812246692, 0.003030754428, -0.01992508735}, {0.003573272903, 0.01209238674, -0.005707357384, 0.03222032281}}}, {{{0.0000007097047027, 0.000003128627401, -0.000003325286676, 0.000006568160753}, {-0.01716077154, -0.005038374924, -0.00001462837586, -0.001906267975}, {0.1428533854, 0.02100510653, 0.00001845852787, 0.005321635292}, {-0.008740137971, -0.003832035857, -0.00003327853877, -0.001909509135}}, {{0.000003128627401, 0.00001235702566, -0.00001462837586, 0.00002386674137}, {-0.005038374924, -0.01934634725, 0.004025910466, -0.006812246692}, {0.02100510653, 0.1489780857, -0.01708633888, 0.0265126406}, {-0.003832035857, -0.01092117273, 0.003030754428, -0.005707357384}}, {{-0.000003325286676, -0.00001462837586, 0.00001854922602, -0.00003327853877}, {-0.00001462837586, 0.004025910466, -0.01708633888, 0.003030754428}, {0.00001845852787, -0.01708633888, 0.1427630055, -0.008595655256}, {-0.00003327853877, 0.003030754428, -0.008595655256, 0.002963979716}}, {{0.000006568160753, 0.00002386674137, -0.00003327853877, 0.00005309765966}, {-0.001906267975, -0.006812246692, 0.003030754428, -0.01992508735}, {0.005321635292, 0.0265126406, -0.008595655256, 0.1500022177}, {-0.001909509135, -0.005707357384, 0.002963979716, -0.01171610166}}}, {{{0.005355987831, 0.002359949152, 0.000006568160753, 0.001194617874}, {0.02663152962, 0.008514168965, 0.00002386674137, 0.003573272903}, {-0.008740137971, -0.003832035857, -0.00003327853877, -0.001909509135}, {0.1502369764, 0.02459232272, 0.00005309765966, 0.00733783814}}, {{0.002359949152, 0.006731499343, -0.001906267975, 0.003573272903}, {0.008514168965, 0.03073793067, -0.006812246692, 0.01209238674}, {-0.003832035857, -0.01092117273, 0.003030754428, -0.005707357384}, {0.02459232272, 0.15867699, -0.01992508735, 0.03222032281}}, {{0.000006568160753, -0.001906267975, 0.005321635292, -0.001909552298}, {0.00002386674137, -0.006812246692, 0.0265126406, -0.005707357384}, {-0.00003327853877, 0.003030754428, -0.008595655256, 0.002963979716}, {0.00005309765966, -0.01992508735, 0.1500022177, -0.01171610166}}, {{0.001194617874, 0.003573272903, -0.001909552298, 0.00733783814}, {0.003573272903, 0.01209238674, -0.005707357384, 0.03222032281}, {-0.001909509135, -0.005707357384, 0.002963979716, -0.01171610166}, {0.00733783814, 0.03222032281, -0.01171610166, 0.1608687666}}}}
0.142858      0.0210202     0.            0.00535599      0.0210202     0.149041      -0.0171608    0.0266315       0.            -0.0171608    0.142853      -0.00874014     0.00535599    0.0266315     -0.00874014   0.150237
0.0210202     0.00618396    0.            0.00235995      0.00618396    0.0237428     -0.00503818   0.00851417      0.            -0.00503818   0.0210051     -0.00383204     0.00235995    0.00851417    -0.00383204   0.0245923
0.            0.            0.            0.              0.            0.000012357   -0.0000146284 0.0000238667    0.            -0.0000146284 0.0000185492  -0.0000332785   0.            0.0000238667  -0.0000332785 0.0000530977
0.00535599    0.00235995    0.            0.00119462      0.00235995    0.0067315     -0.00190627   0.00357327      0.            -0.00190627   0.00532164    -0.00190955     0.00119462    0.00357327    -0.00190955   0.00733784

0.0210202     0.00618396    0.            0.00235995      0.00618396    0.0237428     -0.00503818   0.00851417      0.            -0.00503818   0.0210051     -0.00383204     0.00235995    0.00851417    -0.00383204   0.0245923
0.149041      0.0237428     0.000012357   0.00673045      0.0237428     0.156805      -0.0193463    0.0307379       0.000012357   -0.0193463    0.148978      -0.0109212      0.00673045    0.0307379     -0.0109212    0.158677
-0.0171608    -0.00503837   -0.0000146284 -0.00190627     -0.00503837   -0.0193463    0.00402591    -0.00681225     -0.0000146284 0.00402591    -0.0170863    0.00303075      -0.00190627   -0.00681225   0.00303075    -0.0199251
0.0266315     0.00851417    0.0000238667  0.00357327      0.00851417    0.0307379     -0.00681225   0.0120924       0.0000238667  -0.00681225   0.0265126     -0.00570736     0.00357327    0.0120924     -0.00570736   0.0322203

0.            0.            0.            0.              0.            0.000012357   -0.0000146284 0.0000238667    0.            -0.0000146284 0.0000185492  -0.0000332785   0.            0.0000238667  -0.0000332785 0.0000530977
-0.0171608    -0.00503837   -0.0000146284 -0.00190627     -0.00503837   -0.0193463    0.00402591    -0.00681225     -0.0000146284 0.00402591    -0.0170863    0.00303075      -0.00190627   -0.00681225   0.00303075    -0.0199251
0.142853      0.0210051     0.0000184585  0.00532164      0.0210051     0.148978      -0.0170863    0.0265126       0.0000184585  -0.0170863    0.142763      -0.00859566     0.00532164    0.0265126     -0.00859566   0.150002
-0.00874014   -0.00383204   -0.0000332785 -0.00190951     -0.00383204   -0.0109212    0.00303075    -0.00570736     -0.0000332785 0.00303075    -0.00859566   0.00296398      -0.00190951   -0.00570736   0.00296398    -0.0117161

0.00535599    0.00235995    0.            0.00119462      0.00235995    0.0067315     -0.00190627   0.00357327      0.            -0.00190627   0.00532164    -0.00190955     0.00119462    0.00357327    -0.00190955   0.00733784
0.0266315     0.00851417    0.0000238667  0.00357327      0.00851417    0.0307379     -0.00681225   0.0120924       0.0000238667  -0.00681225   0.0265126     -0.00570736     0.00357327    0.0120924     -0.00570736   0.0322203
-0.00874014   -0.00383204   -0.0000332785 -0.00190951     -0.00383204   -0.0109212    0.00303075    -0.00570736     -0.0000332785 0.00303075    -0.00859566   0.00296398      -0.00190951   -0.00570736   0.00296398    -0.0117161
0.150237      0.0245923     0.0000530977  0.00733784      0.0245923     0.158677      -0.0199251    0.0322203       0.0000530977  -0.0199251    0.150002      -0.0117161      0.00733784    0.0322203     -0.0117161    0.160869


    Hamiltonian Matrix AC:    < psi_{i1,A} <psi_{i2,C} | V_e-e | psi_{i3,A} <psi_{i4,C} >

HijkAC: {{{{0.07142861379, -0.005255200314, 0.00000005167237915, 0.0006696844603}, {0.005255200314, -0.000773224532, 0.00000001092489921, 0.0001478775157}, {0.00000005167539032, -0.00000001092489921, 0.00000001361716746, 0.}, {0.0006696844603, -0.0001478775157, 0., 0.00003772352196}}, {{-0.005255200314, 0.07220246827, 0.004290838436, -0.00621601026}, {-0.000773224532, 0.005425522674, 0.0006313981161, -0.0009363968801}, {-0.00000001092489921, 0.0000001258120303, -0.00000003948766636, -0.00000003981051336}, {-0.0001478775157, 0.0007132547403, 0.0001206669441, -0.0001845388949}}, {{0.00000005167237915, 0.004290838436, 0.07142861811, -0.001093600327}, {0.00000001092489921, 0.0006313981161, 0.005255312125, -0.0002414074811}, {0.00000001361716746, -0.00000003948766642, 0.00000006844587009, 0.00000003910876708}, {0., 0.0001206669441, 0.0006690309543, -0.00006147160047}}, {{0.0006696844603, -0.00621601026, -0.001093600327, 0.07224000746}, {0.0001478775157, -0.0009363968801, -0.0002414074811, 0.005439850997}, {0., -0.00000003981051336, 0.00000003910876708, 0.00000005546192635}, {0.00003772352196, -0.0001845388949, -0.00006147160047, 0.0007185898793}}}, {{{0.005255200314, -0.000773224532, 0.00000001092489921, 0.0001478775157}, {0.07220246827, -0.005425522674, 0.0000001258120303, 0.00071325336}, {-0.004290838436, 0.0006313980931, 0.0000000394876664, -0.0001206669441}, {0.00621601026, -0.0009363968801, 0.00000003981051337, 0.0001845388949}}, {{-0.000773224532, 0.005425522674, 0.0006313981161, -0.0009363968801}, {-0.005425522674, 0.0730247896, 0.004430154699, -0.006428703009}, {0.0006313980926, -0.004430154699, -0.000515535144, 0.0007645748996}, {-0.0009363968801, 0.006428703009, 0.0007645748996, -0.001137515694}}, {{0.00000001092489921, 0.0006313981161, 0.005255312125, -0.0002414074811}, {0.0000001258120303, 0.004430154699, 0.07220243948, -0.001165165005}, {0.0000000394876664, -0.000515535144, -0.004290854153, 0.0001970736982}, {0.00000003981051337, 0.0007645748996, 0.00621584356, -0.0003013192484}}, {{0.0001478775157, -0.0009363968801, -0.0002414074811, 0.005439850997}, {0.000713254678, -0.006428703009, -0.001165165005, 0.07307103472}, {-0.0001206669441, 0.0007645748996, 0.0001970736982, -0.004441642514}, {0.0001845388949, -0.001137515694, -0.0003013192484, 0.006447000853}}}, {{{0.00000005167539032, -0.00000001092489921, 0.00000001361716746, 0.}, {-0.004290838436, 0.0006313980931, 0.00000003948766636, -0.0001206669441}, {0.07142861811, -0.005255312125, 0.00000006800609919, 0.0006690309543}, {-0.001093600327, 0.0002414074811, 0.00000003910876707, -0.00006147171162}}, {{-0.00000001092489921, 0.0000001258120303, -0.00000003948766636, -0.00000003981051336}, {0.0006313980931, -0.004430154699, -0.000515535144, 0.0007645748996}, {-0.005255312125, 0.07220243948, 0.004290854153, -0.00621584356}, {0.0002414074811, -0.001165165005, -0.0001970736982, 0.0003013192484}}, {{0.00000001361716746, -0.00000003948766642, 0.00000006844587009, 0.00000003910876708}, {0.00000003948766636, -0.000515535144, -0.004290854153, 0.0001970736982}, {0.00000006800609919, 0.004290854153, 0.07142873838, -0.001093691098}, {0.00000003910876707, -0.0001970736982, -0.001093691098, 0.0001003953061}}, {{0., -0.00000003981051336, 0.00000003910876708, 0.00000005546192635}, {-0.0001206669441, 0.0007645748996, 0.0001970736982, -0.004441642514}, {0.0006690309543, -0.00621584356, -0.001093691098, 0.07224013695}, {-0.00006147171418, 0.0003013192484, 0.0001003953061, -0.001173569617}}}, {{{0.0006696844603, -0.0001478775157, 0., 0.00003772352196}, {0.00621601026, -0.0009363968801, 0.00000003981051337, 0.0001845388949}, {-0.001093600327, 0.0002414074811, 0.00000003910876707, -0.00006147171162}, {0.07224000746, -0.005439850997, 0.00000005546192636, 0.0007185898793}}, {{-0.0001478775157, 0.0007135424383, 0.0001206669441, -0.0001845388949}, {-0.0009363968801, 0.006428703009, 0.0007645748996, -0.001137515694}, {0.0002414074811, -0.001165165005, -0.0001970736982, 0.0003013192484}, {-0.005439850997, 0.07307103472, 0.004441642514, -0.006447000853}}, {{0., 0.0001206669441, 0.0006690309543, -0.0000614715999}, {0.00000003981051337, 0.0007645748996, 0.00621584356, -0.0003013192484}, {0.00000003910876707, -0.0001970736982, -0.001093691098, 0.0001003953061}, {0.00000005546192636, 0.004441642514, 0.07224013695, -0.001173569617}}, {{0.00003772352196, -0.0001845388949, -0.0000614715999, 0.0007185898793}, {0.0001845388949, -0.001137515694, -0.0003013192484, 0.006447000853}, {-0.00006147171418, 0.0003013192484, 0.0001003953061, -0.001173569617}, {0.0007185898793, -0.006447000853, -0.001173569617, 0.07311709561}}}}
0.0714286     -0.0052552    0.            0.000669684     -0.0052552    0.0722025     0.00429084    -0.00621601     0.            0.00429084    0.0714286     -0.0010936      0.000669684   -0.00621601   -0.0010936    0.07224
0.0052552     -0.000773225  0.            0.000147878     -0.000773225  0.00542552    0.000631398   -0.000936397    0.            0.000631398   0.00525531    -0.000241407    0.000147878   -0.000936397  -0.000241407  0.00543985
0.            0.            0.            0.              0.            0.            0.            0.              0.            0.            0.            0.              0.            0.            0.            0.
0.000669684   -0.000147878  0.            0.0000377235    -0.000147878  0.000713255   0.000120667   -0.000184539    0.            0.000120667   0.000669031   -0.0000614716   0.0000377235  -0.000184539  -0.0000614716 0.00071859

0.0052552     -0.000773225  0.            0.000147878     -0.000773225  0.00542552    0.000631398   -0.000936397    0.            0.000631398   0.00525531    -0.000241407    0.000147878   -0.000936397  -0.000241407  0.00543985
0.0722025     -0.00542552   0.            0.000713253     -0.00542552   0.0730248     0.00443015    -0.0064287      0.            0.00443015    0.0722024     -0.00116517     0.000713255   -0.0064287    -0.00116517   0.073071
-0.00429084   0.000631398   0.            -0.000120667    0.000631398   -0.00443015   -0.000515535  0.000764575     0.            -0.000515535  -0.00429085   0.000197074     -0.000120667  0.000764575   0.000197074   -0.00444164
0.00621601    -0.000936397  0.            0.000184539     -0.000936397  0.0064287     0.000764575   -0.00113752     0.            0.000764575   0.00621584    -0.000301319    0.000184539   -0.00113752   -0.000301319  0.006447

0.            0.            0.            0.              0.            0.            0.            0.              0.            0.            0.            0.              0.            0.            0.            0.
-0.00429084   0.000631398   0.            -0.000120667    0.000631398   -0.00443015   -0.000515535  0.000764575     0.            -0.000515535  -0.00429085   0.000197074     -0.000120667  0.000764575   0.000197074   -0.00444164
0.0714286     -0.00525531   0.            0.000669031     -0.00525531   0.0722024     0.00429085    -0.00621584     0.            0.00429085    0.0714287     -0.00109369     0.000669031   -0.00621584   -0.00109369   0.0722401
-0.0010936    0.000241407   0.            -0.0000614717   0.000241407   -0.00116517   -0.000197074  0.000301319     0.            -0.000197074  -0.00109369   0.000100395     -0.0000614717 0.000301319   0.000100395   -0.00117357

0.000669684   -0.000147878  0.            0.0000377235    -0.000147878  0.000713542   0.000120667   -0.000184539    0.            0.000120667   0.000669031   -0.0000614716   0.0000377235  -0.000184539  -0.0000614716 0.00071859
0.00621601    -0.000936397  0.            0.000184539     -0.000936397  0.0064287     0.000764575   -0.00113752     0.            0.000764575   0.00621584    -0.000301319    0.000184539   -0.00113752   -0.000301319  0.006447
-0.0010936    0.000241407   0.            -0.0000614717   0.000241407   -0.00116517   -0.000197074  0.000301319     0.            -0.000197074  -0.00109369   0.000100395     -0.0000614717 0.000301319   0.000100395   -0.00117357
0.07224       -0.00543985   0.            0.00071859      -0.00543985   0.073071      0.00444164    -0.006447       0.            0.00444164    0.0722401     -0.00117357     0.00071859    -0.006447     -0.00117357   0.0731171


    Hamiltonian Matrix BA:    < psi_{i1,B} <psi_{i2,A} | V_e-e | psi_{i3,B} <psi_{i4,A} >

HijkBA: {{{{0.142857594, 0.02102018442, 0.0000007144154633, 0.005355987831}, {0.02102018442, 0.006183963498, 0.000003128627401, 0.002359949152}, {0.0000007097047027, 0.000003128627401, -0.000003325286676, 0.000006568160753}, {0.005355987831, 0.002359949152, 0.000006568160753, 0.001194617874}}, {{0.02102018442, 0.1490412459, -0.01716077154, 0.02663152962}, {0.006183963498, 0.0237428473, -0.005038183615, 0.008514168965}, {0.000003128627401, 0.00001235702566, -0.00001462837586, 0.00002386674137}, {0.002359949152, 0.006731499343, -0.001906267975, 0.003573272903}}, {{0.0000007144154633, -0.01716077154, 0.1428533398, -0.008740137971}, {0.000003128627401, -0.005038183615, 0.02100510653, -0.003832035857}, {-0.000003325286676, -0.00001462837586, 0.00001854922602, -0.00003327853877}, {0.000006568160753, -0.001906267975, 0.005321635292, -0.001909552298}}, {{0.005355987831, 0.02663152962, -0.008740137971, 0.1502369764}, {0.002359949152, 0.008514168965, -0.003832035857, 0.02459232272}, {0.000006568160753, 0.00002386674137, -0.00003327853877, 0.00005309765966}, {0.001194617874, 0.003573272903, -0.001909552298, 0.00733783814}}}, {{{0.02102018442, 0.006183963498, 0.000003128627401, 0.002359949152}, {0.1490412459, 0.0237428473, 0.00001235702566, 0.006730454322}, {-0.01716077154, -0.005038374924, -0.00001462837586, -0.001906267975}, {0.02663152962, 0.008514168965, 0.00002386674137, 0.003573272903}}, {{0.006183963498, 0.0237428473, -0.005038183959, 0.008514168965}, {0.0237428473, 0.1568051069, -0.01934634725, 0.03073793067}, {-0.005038372366, -0.01934634725, 0.004025910466, -0.006812246692}, {0.008514168965, 0.03073793067, -0.006812246692, 0.01209238674}}, {{0.000003128627401, -0.005038183615, 0.02100510653, -0.003832035857}, {0.00001235702566, -0.01934634725, 0.1489780857, -0.01092117273}, {-0.00001462837586, 0.004025910466, -0.01708633888, 0.003030754428}, {0.00002386674137, -0.006812246692, 0.0265126406, -0.005707357384}}, {{0.002359949152, 0.008514168965, -0.003832035857, 0.02459232272}, {0.006730448237, 0.03073793067, -0.01092117273, 0.15867699}, {-0.001906267975, -0.006812246692, 0.003030754428, -0.01992508735}, {0.003573272903, 0.01209238674, -0.005707357384, 0.03222032281}}}, {{{0.0000007097047027, 0.000003128627401, -0.000003325286676, 0.000006568160753}, {-0.01716077154, -0.005038374924, -0.00001462837586, -0.001906267975}, {0.1428533854, 0.02100510653, 0.00001845852787, 0.005321635292}, {-0.008740137971, -0.003832035857, -0.00003327853877, -0.001909509135}}, {{0.000003128627401, 0.00001235702566, -0.00001462837586, 0.00002386674137}, {-0.005038374924, -0.01934634725, 0.004025910466, -0.006812246692}, {0.02100510653, 0.1489780857, -0.01708633888, 0.0265126406}, {-0.003832035857, -0.01092117273, 0.003030754428, -0.005707357384}}, {{-0.000003325286676, -0.00001462837586, 0.00001854922602, -0.00003327853877}, {-0.00001462837586, 0.004025910466, -0.01708633888, 0.003030754428}, {0.00001845852787, -0.01708633888, 0.1427630055, -0.008595655256}, {-0.00003327853877, 0.003030754428, -0.008595655256, 0.002963979716}}, {{0.000006568160753, 0.00002386674137, -0.00003327853877, 0.00005309765966}, {-0.001906267975, -0.006812246692, 0.003030754428, -0.01992508735}, {0.005321635292, 0.0265126406, -0.008595655256, 0.1500022177}, {-0.001909509135, -0.005707357384, 0.002963979716, -0.01171610166}}}, {{{0.005355987831, 0.002359949152, 0.000006568160753, 0.001194617874}, {0.02663152962, 0.008514168965, 0.00002386674137, 0.003573272903}, {-0.008740137971, -0.003832035857, -0.00003327853877, -0.001909509135}, {0.1502369764, 0.02459232272, 0.00005309765966, 0.00733783814}}, {{0.002359949152, 0.006731499343, -0.001906267975, 0.003573272903}, {0.008514168965, 0.03073793067, -0.006812246692, 0.01209238674}, {-0.003832035857, -0.01092117273, 0.003030754428, -0.005707357384}, {0.02459232272, 0.15867699, -0.01992508735, 0.03222032281}}, {{0.000006568160753, -0.001906267975, 0.005321635292, -0.001909552298}, {0.00002386674137, -0.006812246692, 0.0265126406, -0.005707357384}, {-0.00003327853877, 0.003030754428, -0.008595655256, 0.002963979716}, {0.00005309765966, -0.01992508735, 0.1500022177, -0.01171610166}}, {{0.001194617874, 0.003573272903, -0.001909552298, 0.00733783814}, {0.003573272903, 0.01209238674, -0.005707357384, 0.03222032281}, {-0.001909509135, -0.005707357384, 0.002963979716, -0.01171610166}, {0.00733783814, 0.03222032281, -0.01171610166, 0.1608687666}}}}
0.142858      0.0210202     0.            0.00535599      0.0210202     0.149041      -0.0171608    0.0266315       0.            -0.0171608    0.142853      -0.00874014     0.00535599    0.0266315     -0.00874014   0.150237
0.0210202     0.00618396    0.            0.00235995      0.00618396    0.0237428     -0.00503818   0.00851417      0.            -0.00503818   0.0210051     -0.00383204     0.00235995    0.00851417    -0.00383204   0.0245923
0.            0.            0.            0.              0.            0.000012357   -0.0000146284 0.0000238667    0.            -0.0000146284 0.0000185492  -0.0000332785   0.            0.0000238667  -0.0000332785 0.0000530977
0.00535599    0.00235995    0.            0.00119462      0.00235995    0.0067315     -0.00190627   0.00357327      0.            -0.00190627   0.00532164    -0.00190955     0.00119462    0.00357327    -0.00190955   0.00733784

0.0210202     0.00618396    0.            0.00235995      0.00618396    0.0237428     -0.00503818   0.00851417      0.            -0.00503818   0.0210051     -0.00383204     0.00235995    0.00851417    -0.00383204   0.0245923
0.149041      0.0237428     0.000012357   0.00673045      0.0237428     0.156805      -0.0193463    0.0307379       0.000012357   -0.0193463    0.148978      -0.0109212      0.00673045    0.0307379     -0.0109212    0.158677
-0.0171608    -0.00503837   -0.0000146284 -0.00190627     -0.00503837   -0.0193463    0.00402591    -0.00681225     -0.0000146284 0.00402591    -0.0170863    0.00303075      -0.00190627   -0.00681225   0.00303075    -0.0199251
0.0266315     0.00851417    0.0000238667  0.00357327      0.00851417    0.0307379     -0.00681225   0.0120924       0.0000238667  -0.00681225   0.0265126     -0.00570736     0.00357327    0.0120924     -0.00570736   0.0322203

0.            0.            0.            0.              0.            0.000012357   -0.0000146284 0.0000238667    0.            -0.0000146284 0.0000185492  -0.0000332785   0.            0.0000238667  -0.0000332785 0.0000530977
-0.0171608    -0.00503837   -0.0000146284 -0.00190627     -0.00503837   -0.0193463    0.00402591    -0.00681225     -0.0000146284 0.00402591    -0.0170863    0.00303075      -0.00190627   -0.00681225   0.00303075    -0.0199251
0.142853      0.0210051     0.0000184585  0.00532164      0.0210051     0.148978      -0.0170863    0.0265126       0.0000184585  -0.0170863    0.142763      -0.00859566     0.00532164    0.0265126     -0.00859566   0.150002
-0.00874014   -0.00383204   -0.0000332785 -0.00190951     -0.00383204   -0.0109212    0.00303075    -0.00570736     -0.0000332785 0.00303075    -0.00859566   0.00296398      -0.00190951   -0.00570736   0.00296398    -0.0117161

0.00535599    0.00235995    0.            0.00119462      0.00235995    0.0067315     -0.00190627   0.00357327      0.            -0.00190627   0.00532164    -0.00190955     0.00119462    0.00357327    -0.00190955   0.00733784
0.0266315     0.00851417    0.0000238667  0.00357327      0.00851417    0.0307379     -0.00681225   0.0120924       0.0000238667  -0.00681225   0.0265126     -0.00570736     0.00357327    0.0120924     -0.00570736   0.0322203
-0.00874014   -0.00383204   -0.0000332785 -0.00190951     -0.00383204   -0.0109212    0.00303075    -0.00570736     -0.0000332785 0.00303075    -0.00859566   0.00296398      -0.00190951   -0.00570736   0.00296398    -0.0117161
0.150237      0.0245923     0.0000530977  0.00733784      0.0245923     0.158677      -0.0199251    0.0322203       0.0000530977  -0.0199251    0.150002      -0.0117161      0.00733784    0.0322203     -0.0117161    0.160869


    Hamiltonian Matrix BC:    < psi_{i1,B} <psi_{i2,C} | V_e-e | psi_{i3,B} <psi_{i4,C} >

HijkBC: {{{{0.142857594, -0.02102018442, 0.0000007144154633, 0.005355987831}, {-0.02102018442, 0.006183963498, -0.000003128627401, -0.002359949152}, {0.0000007097047027, -0.000003128627401, -0.000003325286676, 0.000006568160753}, {0.005355987831, -0.002359949152, 0.000006568160753, 0.001194617874}}, {{-0.02102018442, 0.1490412459, 0.01716077154, -0.02663152962}, {0.006183963498, -0.0237428473, -0.005038183615, 0.008514168965}, {-0.000003128627401, 0.00001235702566, 0.00001462837586, -0.00002386674137}, {-0.002359949152, 0.006731643842, 0.001906267975, -0.003573272903}}, {{0.0000007144154633, 0.01716077154, 0.1428533398, -0.008740137971}, {-0.000003128627401, -0.005038183615, -0.02100510653, 0.003832035857}, {-0.000003325286676, 0.00001462837586, 0.00001854922602, -0.00003327853877}, {0.000006568160753, 0.001906267975, 0.005321635292, -0.00190953986}}, {{0.005355987831, -0.02663152962, -0.008740137971, 0.1502369764}, {-0.002359949152, 0.008514168965, 0.003832035857, -0.02459232272}, {0.000006568160753, -0.00002386674137, -0.00003327853877, 0.00005309765966}, {0.001194617874, -0.003573272903, -0.00190953986, 0.00733783814}}}, {{{-0.02102018442, 0.006183963498, -0.000003128627401, -0.002359949152}, {0.1490412459, -0.0237428473, 0.00001235702566, 0.00673044518}, {0.01716077154, -0.005038374924, 0.00001462837586, 0.001906267975}, {-0.02663152962, 0.008514168965, -0.00002386674137, -0.003573272903}}, {{0.006183963498, -0.0237428473, -0.005038183959, 0.008514168965}, {-0.0237428473, 0.1568051069, 0.01934634725, -0.03073793067}, {-0.005038372366, 0.01934634725, 0.004025910466, -0.006812246692}, {0.008514168965, -0.03073793067, -0.006812246692, 0.01209238674}}, {{-0.000003128627401, -0.005038183615, -0.02100510653, 0.003832035857}, {0.00001235702566, 0.01934634725, 0.1489780857, -0.01092117273}, {0.00001462837586, 0.004025910466, 0.01708633888, -0.003030754428}, {-0.00002386674137, -0.006812246692, -0.0265126406, 0.005707357384}}, {{-0.002359949152, 0.008514168965, 0.003832035857, -0.02459232272}, {0.00673044518, -0.03073793067, -0.01092117273, 0.15867699}, {0.001906267975, -0.006812246692, -0.003030754428, 0.01992508735}, {-0.003573272903, 0.01209238674, 0.005707357384, -0.03222032281}}}, {{{0.0000007097047027, -0.000003128627401, -0.000003325286676, 0.000006568160753}, {0.01716077154, -0.005038374924, 0.00001462837586, 0.001906267975}, {0.1428533854, -0.02100510653, 0.00001845852787, 0.005321635292}, {-0.008740137971, 0.003832035857, -0.00003327853877, -0.001909521573}}, {{-0.000003128627401, 0.00001235702566, 0.00001462837586, -0.00002386674137}, {-0.005038374924, 0.01934634725, 0.004025910466, -0.006812246692}, {-0.02100510653, 0.1489780857, 0.01708633888, -0.0265126406}, {0.003832035857, -0.01092117273, -0.003030754428, 0.005707357384}}, {{-0.000003325286676, 0.00001462837586, 0.00001854922602, -0.00003327853877}, {0.00001462837586, 0.004025910466, 0.01708633888, -0.003030754428}, {0.00001845852787, 0.01708633888, 0.1427630055, -0.008595655256}, {-0.00003327853877, -0.003030754428, -0.008595655256, 0.002963979716}}, {{0.000006568160753, -0.00002386674137, -0.00003327853877, 0.00005309765966}, {0.001906267975, -0.006812246692, -0.003030754428, 0.01992508735}, {0.005321635292, -0.0265126406, -0.008595655256, 0.1500022177}, {-0.001909509185, 0.005707357384, 0.002963979716, -0.01171610166}}}, {{{0.005355987831, -0.002359949152, 0.000006568160753, 0.001194617874}, {-0.02663152962, 0.008514168965, -0.00002386674137, -0.003573272903}, {-0.008740137971, 0.003832035857, -0.00003327853877, -0.001909521573}, {0.1502369764, -0.02459232272, 0.00005309765966, 0.00733783814}}, {{-0.002359949152, 0.006731644095, 0.001906267975, -0.003573272903}, {0.008514168965, -0.03073793067, -0.006812246692, 0.01209238674}, {0.003832035857, -0.01092117273, -0.003030754428, 0.005707357384}, {-0.02459232272, 0.15867699, 0.01992508735, -0.03222032281}}, {{0.000006568160753, 0.001906267975, 0.005321635292, -0.001909552268}, {-0.00002386674137, -0.006812246692, -0.0265126406, 0.005707357384}, {-0.00003327853877, -0.003030754428, -0.008595655256, 0.002963979716}, {0.00005309765966, 0.01992508735, 0.1500022177, -0.01171610166}}, {{0.001194617874, -0.003573272903, -0.001909552268, 0.00733783814}, {-0.003573272903, 0.01209238674, 0.005707357384, -0.03222032281}, {-0.001909509185, 0.005707357384, 0.002963979716, -0.01171610166}, {0.00733783814, -0.03222032281, -0.01171610166, 0.1608687666}}}}
0.142858      -0.0210202    0.            0.00535599      -0.0210202    0.149041      0.0171608     -0.0266315      0.            0.0171608     0.142853      -0.00874014     0.00535599    -0.0266315    -0.00874014   0.150237
-0.0210202    0.00618396    0.            -0.00235995     0.00618396    -0.0237428    -0.00503818   0.00851417      0.            -0.00503818   -0.0210051    0.00383204      -0.00235995   0.00851417    0.00383204    -0.0245923
0.            0.            0.            0.              0.            0.000012357   0.0000146284  -0.0000238667   0.            0.0000146284  0.0000185492  -0.0000332785   0.            -0.0000238667 -0.0000332785 0.0000530977
0.00535599    -0.00235995   0.            0.00119462      -0.00235995   0.00673164    0.00190627    -0.00357327     0.            0.00190627    0.00532164    -0.00190954     0.00119462    -0.00357327   -0.00190954   0.00733784

