Oscillators N=4 2022-12-24 w=0.471533 a=4.50000.nb ( N = 4, M = 4 )
~~~~~~~~~~~~~~~~~~~~~~~~~~~~~~~~~~~~~~
Run Commenced: Fri 30 Dec 2022 13:59:17
Run Completed: Fri 30 Dec 2022 16:17:45
Time Elapsed: 02:18:28

Oscillators Used: 4
Wavefunctions Used: 4
Internuclear Separation: 5.25
omega: 0.472
nu : 0.235638

For display purposes, the threshold of Hamiltonian matrix elements has been set to: 10^-6.


    Hamiltonian Matrix A:    < psi_{i,A} | H_k | psi_{j,A} >
    H_1 = T_kin,    H_2 = V_pot,    H_3 = V_1-B,    H_4 = V_1-C,    H_5 = V_A-B,    H_6 = V_A-C 

HijkA: {{{0.35364975, 0.35364975, -0.1904760871, -0.09523807715, -0.06349205127, 0.1904761542, 0.0952380771, 0.0634920514}, {0., 0., -0.03737009826, -0.009342614561, -0.004152273152, 0., 0., 0.}, {0.2887538117, -0.2887538117, -0.00000072231017, 0., 0., 0., 0., 0.}, {0., 0., -0.01269807066, -0.001587401824, -0.0004703412811, 0., 0., 0.}}, {{0., 0., -0.03737009826, -0.009342614561, -0.004152273152, 0., 0., 0.}, {0.58941625, 0.58941625, -0.2051379696, -0.09707106114, -0.064035162, 0.1904761542, 0.0952380771, 0.0634920514}, {0., 0., 0.03050887481, 0.007628212646, 0.00339031682, 0., 0., 0.}, {0., 0., -0.05061995685, -0.011255082, -0.004886910572, 0., 0., 0.}}, {{0.2887538117, -0.2887538117, -0.00000072231017, 0., 0., 0., 0., 0.}, {0., 0., 0.03050887481, 0.007628212646, 0.00339031682, 0., 0., 0.}, {0.82518275, 0.82518275, -0.1904681331, -0.09523807766, -0.06349205275, 0.1904761542, 0.0952380771, 0.0634920514}, {0., 0., 0.02072502819, 0.002592216314, 0.0007680640923, 0., 0., 0.}}, {{0., 0., -0.01269807066, -0.001587401824, -0.0004703412811, 0., 0., 0.}, {0., 0., -0.05061995685, -0.011255082, -0.004886910572, 0., 0., 0.}, {0., 0., 0.02072502819, 0.002592216314, 0.0007680640923, 0., 0., 0.}, {0.82518275, 0.82518275, -0.2101998267, -0.09722980362, -0.06405606124, 0.1904761542, 0.0952380771, 0.0634920514}}}
0.35365        0.             0.288754       0.
0.35365        0.             -0.288754      0.
-0.190476      -0.0373701     0.             -0.0126981
-0.0952381     -0.00934261    0.             -0.0015874
-0.0634921     -0.00415227    0.             -0.000470341
0.190476       0.             0.             0.
0.0952381      0.             0.             0.
0.0634921      0.             0.             0.

0.             0.589416       0.             0.
0.             0.589416       0.             0.
-0.0373701     -0.205138      0.0305089      -0.05062
-0.00934261    -0.0970711     0.00762821     -0.0112551
-0.00415227    -0.0640352     0.00339032     -0.00488691
0.             0.190476       0.             0.
0.             0.0952381      0.             0.
0.             0.0634921      0.             0.

0.288754       0.             0.825183       0.
-0.288754      0.             0.825183       0.
0.             0.0305089      -0.190468      0.020725
0.             0.00762821     -0.0952381     0.00259222
0.             0.00339032     -0.0634921     0.000768064
0.             0.             0.190476       0.
0.             0.             0.0952381      0.
0.             0.             0.0634921      0.

0.             0.             0.             0.825183
0.             0.             0.             0.825183
-0.0126981     -0.05062       0.020725       -0.2102
-0.0015874     -0.0112551     0.00259222     -0.0972298
-0.000470341   -0.00488691    0.000768064    -0.0640561
0.             0.             0.             0.190476
0.             0.             0.             0.0952381
0.             0.             0.             0.0634921


    Hamiltonian Matrix B:    < psi_{i,B} | H_k | psi_{j,B} >
    H_1 = T_kin,    H_2 = V_pot,    H_3 = V_2-A,    H_4 = V_2-C,    H_5 = V_B-A,    H_6 = V_B-C 

HijkB: {{{0.35364975, 0.35364975, -0.1904760871, -0.1904760871, -0.09523807715, 0.1904761542, 0.1904761542, 0.0952380771}, {0., 0., -0.03737009826, 0.03737009826, 0.009342614561, 0., 0., 0.}, {0.2887538117, -0.2887538117, -0.00000072231017, -0.00000072231017, 0., 0., 0., 0.}, {0., 0., -0.01269807066, -0.01269807066, -0.001587401824, 0., 0., 0.}}, {{0., 0., -0.03737009826, 0.03737009826, 0.009342614561, 0., 0., 0.}, {0.58941625, 0.58941625, -0.2051379696, -0.2051379696, -0.09707106114, 0.1904761542, 0.1904761542, 0.0952380771}, {0., 0., 0.03050887481, -0.03050887481, -0.007628212646, 0., 0., 0.}, {0., 0., -0.05061995685, 0.05061995685, 0.011255082, 0., 0., 0.}}, {{0.2887538117, -0.2887538117, -0.00000072231017, -0.00000072231017, 0., 0., 0., 0.}, {0., 0., 0.03050887481, -0.03050887481, -0.007628212646, 0., 0., 0.}, {0.82518275, 0.82518275, -0.1904681331, -0.1904681331, -0.09523807766, 0.1904761542, 0.1904761542, 0.0952380771}, {0., 0., 0.02072502819, 0.02072502819, 0.002592216314, 0., 0., 0.}}, {{0., 0., -0.01269807066, -0.01269807066, -0.001587401824, 0., 0., 0.}, {0., 0., -0.05061995685, 0.05061995685, 0.011255082, 0., 0., 0.}, {0., 0., 0.02072502819, 0.02072502819, 0.002592216314, 0., 0., 0.}, {0.82518275, 0.82518275, -0.2101998267, -0.2101998267, -0.09722980362, 0.1904761542, 0.1904761542, 0.0952380771}}}
0.35365       0.            0.288754      0.
0.35365       0.            -0.288754     0.
-0.190476     -0.0373701    0.            -0.0126981
-0.190476     0.0373701     0.            -0.0126981
-0.0952381    0.00934261    0.            -0.0015874
0.190476      0.            0.            0.
0.190476      0.            0.            0.
0.0952381     0.            0.            0.

0.            0.589416      0.            0.
0.            0.589416      0.            0.
-0.0373701    -0.205138     0.0305089     -0.05062
0.0373701     -0.205138     -0.0305089    0.05062
0.00934261    -0.0970711    -0.00762821   0.0112551
0.            0.190476      0.            0.
0.            0.190476      0.            0.
0.            0.0952381     0.            0.

0.288754      0.            0.825183      0.
-0.288754     0.            0.825183      0.
0.            0.0305089     -0.190468     0.020725
0.            -0.0305089    -0.190468     0.020725
0.            -0.00762821   -0.0952381    0.00259222
0.            0.            0.190476      0.
0.            0.            0.190476      0.
0.            0.            0.0952381     0.

0.            0.            0.            0.825183
0.            0.            0.            0.825183
-0.0126981    -0.05062      0.020725      -0.2102
-0.0126981    0.05062       0.020725      -0.2102
-0.0015874    0.0112551     0.00259222    -0.0972298
0.            0.            0.            0.190476
0.            0.            0.            0.190476
0.            0.            0.            0.0952381


    Hamiltonian Matrix C:    < psi_{i,C} | H_k | psi_{j,C} >
    H_1 = T_kin,    H_2 = V_pot,    H_3 = V_3-A,    H_4 = V_3-B,    H_5 = V_C-A,    H_6 = V_C-B 

HijkC: {{{0.35364975, 0.35364975, -0.09523807715, -0.1904760871, -0.1904760871, 0.0952380771, 0.1904761542, 0.1904761542}, {0., 0., 0.009342614561, 0.03737009826, -0.03737009826, 0., 0., 0.}, {0.2887538117, -0.2887538117, 0., -0.00000072231017, -0.00000072231017, 0., 0., 0.}, {0., 0., -0.001587401824, -0.01269807066, -0.01269807066, 0., 0., 0.}}, {{0., 0., 0.009342614561, 0.03737009826, -0.03737009826, 0., 0., 0.}, {0.58941625, 0.58941625, -0.09707106114, -0.2051379696, -0.2051379696, 0.0952380771, 0.1904761542, 0.1904761542}, {0., 0., -0.007628212646, -0.03050887481, 0.03050887481, 0., 0., 0.}, {0., 0., 0.011255082, 0.05061995685, -0.05061995685, 0., 0., 0.}}, {{0.2887538117, -0.2887538117, 0., -0.00000072231017, -0.00000072231017, 0., 0., 0.}, {0., 0., -0.007628212646, -0.03050887481, 0.03050887481, 0., 0., 0.}, {0.82518275, 0.82518275, -0.09523807766, -0.1904681331, -0.1904681331, 0.0952380771, 0.1904761542, 0.1904761542}, {0., 0., 0.002592216314, 0.02072502819, 0.02072502819, 0., 0., 0.}}, {{0., 0., -0.001587401824, -0.01269807066, -0.01269807066, 0., 0., 0.}, {0., 0., 0.011255082, 0.05061995685, -0.05061995685, 0., 0., 0.}, {0., 0., 0.002592216314, 0.02072502819, 0.02072502819, 0., 0., 0.}, {0.82518275, 0.82518275, -0.09722980362, -0.2101998267, -0.2101998267, 0.0952380771, 0.1904761542, 0.1904761542}}}
0.35365       0.            0.288754      0.
0.35365       0.            -0.288754     0.
-0.0952381    0.00934261    0.            -0.0015874
-0.190476     0.0373701     0.            -0.0126981
-0.190476     -0.0373701    0.            -0.0126981
0.0952381     0.            0.            0.
0.190476      0.            0.            0.
0.190476      0.            0.            0.

0.            0.589416      0.            0.
0.            0.589416      0.            0.
0.00934261    -0.0970711    -0.00762821   0.0112551
0.0373701     -0.205138     -0.0305089    0.05062
-0.0373701    -0.205138     0.0305089     -0.05062
0.            0.0952381     0.            0.
0.            0.190476      0.            0.
0.            0.190476      0.            0.

0.288754      0.            0.825183      0.
-0.288754     0.            0.825183      0.
0.            -0.00762821   -0.0952381    0.00259222
0.            -0.0305089    -0.190468     0.020725
0.            0.0305089     -0.190468     0.020725
0.            0.            0.0952381     0.
0.            0.            0.190476      0.
0.            0.            0.190476      0.

0.            0.            0.            0.825183
0.            0.            0.            0.825183
-0.0015874    0.0112551     0.00259222    -0.0972298
-0.0126981    0.05062       0.020725      -0.2102
-0.0126981    -0.05062      0.020725      -0.2102
0.            0.            0.            0.0952381
0.            0.            0.            0.190476
0.            0.            0.            0.190476


    Hamiltonian Matrix AB:    < psi_{i1,A} <psi_{i2,B} | V_e-e | psi_{i3,A} <psi_{i4,B} >

HijkAB: {{{{0.190427197, 0.03720640387, 0.000155304453, 0.01240845281}, {0.03720640387, 0.01420688262, 0.0004215078861, 0.006720154387}, {0.0001556611665, 0.0004215078861, -0.0003360179197, 0.0006222472358}, {0.01240845281, 0.006720154387, 0.0006222472358, 0.003878381937}}, {{0.03720640387, 0.2046260126, -0.02996759461, 0.04966262377}, {0.01420688262, 0.04458888198, -0.01060017441, 0.02039391062}, {0.0004215078861, 0.0011593629, -0.001015601691, 0.001901641321}, {0.006720154387, 0.0163685211, -0.004080182924, 0.009891076995}}, {{0.000155304453, -0.02996759461, 0.1898301561, -0.01964704793}, {0.0004215078861, -0.01060017441, 0.03584060253, -0.009643291105}, {-0.0003360179197, -0.001015601691, 0.001086398287, -0.001790585681}, {0.0006222472358, -0.004080182924, 0.01061930912, -0.004675967512}}, {{0.01240845281, 0.04966262377, -0.01964704793, 0.2083718318}, {0.006720154387, 0.02039391062, -0.009643291105, 0.04634828125}, {0.0006222472358, 0.001901641321, -0.001790585681, 0.003118720809}, {0.003878381937, 0.009891076995, -0.004675967512, 0.01697503106}}}, {{{0.03720640387, 0.01420688262, 0.0004215078861, 0.006720154387}, {0.2046260126, 0.04458888198, 0.0011593629, 0.01637281295}, {-0.02996759461, -0.01059438467, -0.001015601691, -0.004080182924}, {0.04966262377, 0.02039391062, 0.001901641321, 0.009891076995}}, {{0.01420688262, 0.04458888198, -0.01060017441, 0.02039391062}, {0.04458888198, 0.2225689497, -0.03388247273, 0.05957841001}, {-0.01059438467, -0.03388247273, 0.006616961758, -0.01285444011}, {0.02039391062, 0.05957841001, -0.01285444011, 0.02800980242}}, {{0.0004215078861, -0.01060017441, 0.03584060253, -0.009643291105}, {0.0011593629, -0.03388247273, 0.2011629756, -0.023535038}, {-0.001015601691, 0.006616961758, -0.02730375623, 0.004599256697}, {0.001901641321, -0.01285444011, 0.04483179115, -0.01190884974}}, {{0.006720154387, 0.02039391062, -0.009643291105, 0.04634828125}, {0.01637301382, 0.05957841001, -0.023535038, 0.2254482201}, {-0.004080182924, -0.01285444011, 0.004599256697, -0.03203353581}, {0.009891076995, 0.02800980242, -0.01190884974, 0.05990638226}}}, {{{0.0001556611665, 0.0004215078861, -0.0003360179197, 0.0006222472358}, {-0.02996759461, -0.01059438467, -0.001015601691, -0.004080182924}, {0.1898310897, 0.03584060253, 0.00109026611, 0.01061930912}, {-0.01964704793, -0.009643291105, -0.001790585681, -0.004678475232}}, {{0.0004215078861, 0.0011593629, -0.001015601691, 0.001901641321}, {-0.01059438467, -0.03388247273, 0.006616961758, -0.01285444011}, {0.03584060253, 0.2011629756, -0.02730390427, 0.04483179115}, {-0.009643291105, -0.023535038, 0.004599256697, -0.01190884974}}, {{-0.0003360179197, -0.001015601691, 0.001086398287, -0.001790585681}, {-0.001015601691, 0.006616961758, -0.02730375623, 0.004599256697}, {0.00109026611, -0.02730375623, 0.187234111, -0.01549691529}, {-0.001790585681, 0.004599256697, -0.01549691529, 0.004478337089}}, {{0.0006222472358, 0.001901641321, -0.001790585681, 0.003118720809}, {-0.004080182924, -0.01285444011, 0.004599256697, -0.03203353581}, {0.01061930912, 0.04483179115, -0.01549691529, 0.2010303602}, {-0.004675755514, -0.01190884974, 0.004478337089, -0.02185781014}}}, {{{0.01240845281, 0.006720154387, 0.0006222472358, 0.003878381937}, {0.04966262377, 0.02039391062, 0.001901641321, 0.009891076995}, {-0.01964704793, -0.009643291105, -0.001790585681, -0.004678475232}, {0.2083718318, 0.04634828125, 0.003118720809, 0.01697503106}}, {{0.006720154387, 0.0163685211, -0.004080182924, 0.009891076995}, {0.02039391062, 0.05957841001, -0.01285444011, 0.02800980242}, {-0.009643291105, -0.023535038, 0.004599256697, -0.01190884974}, {0.04634828125, 0.2254482201, -0.03203353581, 0.05990638226}}, {{0.0006222472358, -0.004080182924, 0.01061930912, -0.004678888523}, {0.001901641321, -0.01285444011, 0.04483179115, -0.01190884974}, {-0.001790585681, 0.004599256697, -0.01549691529, 0.004478337089}, {0.003118720809, -0.03203353581, 0.2010303602, -0.02185781014}}, {{0.003878381937, 0.009891076995, -0.004678888523, 0.01697503106}, {0.009891076995, 0.02800980242, -0.01190884974, 0.05990638226}, {-0.004675755514, -0.01190884974, 0.004478337089, -0.02185781014}, {0.01697503106, 0.05990638226, -0.02185781014, 0.2249099582}}}}
0.190427     0.0372064    0.000155304  0.0124085      0.0372064    0.204626     -0.0299676   0.0496626      0.000155304  -0.0299676   0.18983      -0.019647      0.0124085    0.0496626    -0.019647    0.208372
0.0372064    0.0142069    0.000421508  0.00672015     0.0142069    0.0445889    -0.0106002   0.0203939      0.000421508  -0.0106002   0.0358406    -0.00964329    0.00672015   0.0203939    -0.00964329  0.0463483
0.000155661  0.000421508  -0.000336018 0.000622247    0.000421508  0.00115936   -0.0010156   0.00190164     -0.000336018 -0.0010156   0.0010864    -0.00179059    0.000622247  0.00190164   -0.00179059  0.00311872
0.0124085    0.00672015   0.000622247  0.00387838     0.00672015   0.0163685    -0.00408018  0.00989108     0.000622247  -0.00408018  0.0106193    -0.00467597    0.00387838   0.00989108   -0.00467597  0.016975

0.0372064    0.0142069    0.000421508  0.00672015     0.0142069    0.0445889    -0.0106002   0.0203939      0.000421508  -0.0106002   0.0358406    -0.00964329    0.00672015   0.0203939    -0.00964329  0.0463483
0.204626     0.0445889    0.00115936   0.0163728      0.0445889    0.222569     -0.0338825   0.0595784      0.00115936   -0.0338825   0.201163     -0.023535      0.016373     0.0595784    -0.023535    0.225448
-0.0299676   -0.0105944   -0.0010156   -0.00408018    -0.0105944   -0.0338825   0.00661696   -0.0128544     -0.0010156   0.00661696   -0.0273038   0.00459926     -0.00408018  -0.0128544   0.00459926   -0.0320335
0.0496626    0.0203939    0.00190164   0.00989108     0.0203939    0.0595784    -0.0128544   0.0280098      0.00190164   -0.0128544   0.0448318    -0.0119088     0.00989108   0.0280098    -0.0119088   0.0599064

0.000155661  0.000421508  -0.000336018 0.000622247    0.000421508  0.00115936   -0.0010156   0.00190164     -0.000336018 -0.0010156   0.0010864    -0.00179059    0.000622247  0.00190164   -0.00179059  0.00311872
-0.0299676   -0.0105944   -0.0010156   -0.00408018    -0.0105944   -0.0338825   0.00661696   -0.0128544     -0.0010156   0.00661696   -0.0273038   0.00459926     -0.00408018  -0.0128544   0.00459926   -0.0320335
0.189831     0.0358406    0.00109027   0.0106193      0.0358406    0.201163     -0.0273039   0.0448318      0.00109027   -0.0273038   0.187234     -0.0154969     0.0106193    0.0448318    -0.0154969   0.20103
-0.019647    -0.00964329  -0.00179059  -0.00467848    -0.00964329  -0.023535    0.00459926   -0.0119088     -0.00179059  0.00459926   -0.0154969   0.00447834     -0.00467576  -0.0119088   0.00447834   -0.0218578

0.0124085    0.00672015   0.000622247  0.00387838     0.00672015   0.0163685    -0.00408018  0.00989108     0.000622247  -0.00408018  0.0106193    -0.00467889    0.00387838   0.00989108   -0.00467889  0.016975
0.0496626    0.0203939    0.00190164   0.00989108     0.0203939    0.0595784    -0.0128544   0.0280098      0.00190164   -0.0128544   0.0448318    -0.0119088     0.00989108   0.0280098    -0.0119088   0.0599064
-0.019647    -0.00964329  -0.00179059  -0.00467848    -0.00964329  -0.023535    0.00459926   -0.0119088     -0.00179059  0.00459926   -0.0154969   0.00447834     -0.00467576  -0.0119088   0.00447834   -0.0218578
0.208372     0.0463483    0.00311872   0.016975       0.0463483    0.225448     -0.0320335   0.0599064      0.00311872   -0.0320335   0.20103      -0.0218578     0.016975     0.0599064    -0.0218578   0.22491


    Hamiltonian Matrix AC:    < psi_{i1,A} <psi_{i2,C} | V_e-e | psi_{i3,A} <psi_{i4,C} >

HijkAC: {{{{0.09523807993, -0.009342552499, 0.00000006780961455, 0.001587503953}, {0.009342552499, -0.001833053446, 0.00000004205509013, 0.0004671845966}, {0.00000006332743835, -0.00000004205509014, 0.00000006728080602, -0.00000004873121523}, {0.001587503953, -0.0004671845966, -0.00000004873121523, 0.0001588689748}}, {{-0.009342552499, 0.09707152579, 0.007628156197, -0.01125496597}, {-0.001833053446, 0.009882244474, 0.001496740861, -0.002299821077}, {-0.00000004205509014, 0.00000009505908455, -0.00000004879799034, -0.00000001877042959}, {-0.0004671845966, 0.001770926425, 0.0003814225764, -0.0006173027504}}, {{0.00000006780961455, 0.007628156197, 0.0952382255, -0.002592346075}, {0.00000004205509013, 0.001496740861, 0.009342634392, -0.0007628275703}, {0.00000006728080602, -0.00000004879799033, -0.00000002633628223, -0.0000001315411894}, {-0.00000004873121523, 0.0003814225764, 0.001587258762, -0.0002587774923}}, {{0.001587503953, -0.01125496597, -0.002592346075, 0.09723038094}, {0.0004671845966, -0.002299821077, -0.0007628275703, 0.009959265928}, {-0.00000004873121523, -0.00000001877042959, -0.0000001315411894, 0.0000004046500959}, {0.0001588689748, -0.0006173027504, -0.0002587774923, 0.001810526236}}}, {{{0.009342552499, -0.001833053446, 0.00000004205509013, 0.0004671845966}, {0.09707152579, -0.009882244474, 0.00000009505908458, 0.001770914058}, {-0.007628156197, 0.001496740758, 0.00000004879799038, -0.0003814225764}, {0.01125496597, -0.002299821077, 0.00000001877042961, 0.0006173027504}}, {{-0.001833053446, 0.009882244474, 0.001496740613, -0.002299821077}, {-0.009882244474, 0.09911773934, 0.008068661329, -0.01196801608}, {0.001496740661, -0.008068661329, -0.001222043566, 0.001877923208}, {-0.002299821077, 0.01196801608, 0.001877923208, -0.002913151014}}, {{0.00000004205509013, 0.001496740861, 0.009342634392, -0.0007628275703}, {0.00000009505908458, 0.008068661329, 0.09707199711, -0.002891902265}, {0.00000004879799038, -0.001222043566, -0.00762805724, 0.0006228592538}, {0.00000001877042961, 0.001877923208, 0.01125495889, -0.001005022941}}, {{0.0004671845966, -0.002299821077, -0.0007628275703, 0.009959265928}, {0.001770930406, -0.01196801608, -0.002891902265, 0.09932284854}, {-0.0003814225764, 0.001877923208, 0.0006228592538, -0.008132482523}, {0.0006173027504, -0.002913151014, -0.001005022941, 0.01208529658}}}, {{{0.00000006332743835, -0.00000004205509014, 0.00000006728080602, -0.00000004873121523}, {-0.007628156197, 0.001496740758, 0.00000004879799036, -0.0003814225764}, {0.09523822309, -0.009342634392, -0.00000002341170975, 0.001587258762}, {-0.002592346075, 0.0007628275703, -0.0000001315411894, -0.0002587731657}}, {{-0.00000004205509014, 0.00000009505908455, -0.00000004879799034, -0.00000001877042959}, {0.001496740758, -0.008068661329, -0.001222043566, 0.001877923208}, {-0.009342634392, 0.09707199711, 0.00762805724, -0.01125495889}, {0.0007628275703, -0.002891902265, -0.0006228592538, 0.001005022941}}, {{0.00000006728080602, -0.00000004879799033, -0.00000002633628223, -0.0000001315411894}, {0.00000004879799036, -0.001222043566, -0.00762805724, 0.0006228592538}, {-0.00000002341170975, 0.00762805724, 0.09523873331, -0.002592366621}, {-0.0000001315411894, -0.0006228592538, -0.002592366621, 0.0004234936836}}, {{-0.00000004873121523, -0.00000001877042959, -0.0000001315411894, 0.0000004046500959}, {-0.0003814225764, 0.001877923208, 0.0006228592538, -0.008132482523}, {0.001587258762, -0.01125495889, -0.002592366621, 0.09722779837}, {-0.0002587731734, 0.001005022941, 0.0004234936836, -0.002956944121}}}, {{{0.001587503953, -0.0004671845966, -0.00000004873121523, 0.0001588689748}, {0.01125496597, -0.002299821077, 0.00000001877042961, 0.0006173027504}, {-0.002592346075, 0.0007628275703, -0.0000001315411894, -0.0002587731657}, {0.09723038094, -0.009959265928, 0.0000004046500959, 0.001810526236}}, {{-0.0004671845966, 0.001770909289, 0.0003814225764, -0.0006173027504}, {-0.002299821077, 0.01196801608, 0.001877923208, -0.002913151014}, {0.0007628275703, -0.002891902265, -0.0006228592538, 0.001005022941}, {-0.009959265928, 0.09932284854, 0.008132482523, -0.01208529658}}, {{-0.00000004873121523, 0.0003814225764, 0.001587258762, -0.0002587774883}, {0.00000001877042961, 0.001877923208, 0.01125495889, -0.001005022941}, {-0.0000001315411894, -0.0006228592538, -0.002592366621, 0.0004234936836}, {0.0000004046500959, 0.008132482523, 0.09722779837, -0.002956944121}}, {{0.0001588689748, -0.0006173027504, -0.0002587774883, 0.001810526236}, {0.0006173027504, -0.002913151014, -0.001005022941, 0.01208529658}, {-0.0002587731734, 0.001005022941, 0.0004234936836, -0.002956944121}, {0.001810526236, -0.01208529658, -0.002956944121, 0.09954789553}}}}
0.0952381    -0.00934255  0.           0.0015875      -0.00934255  0.0970715    0.00762816   -0.011255      0.           0.00762816   0.0952382    -0.00259235    0.0015875    -0.011255    -0.00259235  0.0972304
0.00934255   -0.00183305  0.           0.000467185    -0.00183305  0.00988224   0.00149674   -0.00229982    0.           0.00149674   0.00934263   -0.000762828   0.000467185  -0.00229982  -0.000762828 0.00995927
0.           0.           0.           0.             0.           0.           0.           0.             0.           0.           0.           0.             0.           0.           0.           0.
0.0015875    -0.000467185 0.           0.000158869    -0.000467185 0.00177093   0.000381423  -0.000617303   0.           0.000381423  0.00158726   -0.000258777   0.000158869  -0.000617303 -0.000258777 0.00181053

0.00934255   -0.00183305  0.           0.000467185    -0.00183305  0.00988224   0.00149674   -0.00229982    0.           0.00149674   0.00934263   -0.000762828   0.000467185  -0.00229982  -0.000762828 0.00995927
0.0970715    -0.00988224  0.           0.00177091     -0.00988224  0.0991177    0.00806866   -0.011968      0.           0.00806866   0.097072     -0.0028919     0.00177093   -0.011968    -0.0028919   0.0993228
-0.00762816  0.00149674   0.           -0.000381423   0.00149674   -0.00806866  -0.00122204  0.00187792     0.           -0.00122204  -0.00762806  0.000622859    -0.000381423 0.00187792   0.000622859  -0.00813248
0.011255     -0.00229982  0.           0.000617303    -0.00229982  0.011968     0.00187792   -0.00291315    0.           0.00187792   0.011255     -0.00100502    0.000617303  -0.00291315  -0.00100502  0.0120853

0.           0.           0.           0.             0.           0.           0.           0.             0.           0.           0.           0.             0.           0.           0.           0.
-0.00762816  0.00149674   0.           -0.000381423   0.00149674   -0.00806866  -0.00122204  0.00187792     0.           -0.00122204  -0.00762806  0.000622859    -0.000381423 0.00187792   0.000622859  -0.00813248
0.0952382    -0.00934263  0.           0.00158726     -0.00934263  0.097072     0.00762806   -0.011255      0.           0.00762806   0.0952387    -0.00259237    0.00158726   -0.011255    -0.00259237  0.0972278
-0.00259235  0.000762828  0.           -0.000258773   0.000762828  -0.0028919   -0.000622859 0.00100502     0.           -0.000622859 -0.00259237  0.000423494    -0.000258773 0.00100502   0.000423494  -0.00295694

0.0015875    -0.000467185 0.           0.000158869    -0.000467185 0.00177091   0.000381423  -0.000617303   0.           0.000381423  0.00158726   -0.000258777   0.000158869  -0.000617303 -0.000258777 0.00181053
0.011255     -0.00229982  0.           0.000617303    -0.00229982  0.011968     0.00187792   -0.00291315    0.           0.00187792   0.011255     -0.00100502    0.000617303  -0.00291315  -0.00100502  0.0120853
-0.00259235  0.000762828  0.           -0.000258773   0.000762828  -0.0028919   -0.000622859 0.00100502     0.           -0.000622859 -0.00259237  0.000423494    -0.000258773 0.00100502   0.000423494  -0.00295694
0.0972304    -0.00995927  0.           0.00181053     -0.00995927  0.0993228    0.00813248   -0.0120853     0.           0.00813248   0.0972278    -0.00295694    0.00181053   -0.0120853   -0.00295694  0.0995479


    Hamiltonian Matrix BA:    < psi_{i1,B} <psi_{i2,A} | V_e-e | psi_{i3,B} <psi_{i4,A} >

HijkBA: {{{{0.190427197, 0.03720640387, 0.000155304453, 0.01240845281}, {0.03720640387, 0.01420688262, 0.0004215078861, 0.006720154387}, {0.0001556611665, 0.0004215078861, -0.0003360179197, 0.0006222472358}, {0.01240845281, 0.006720154387, 0.0006222472358, 0.003878381937}}, {{0.03720640387, 0.2046260126, -0.02996759461, 0.04966262377}, {0.01420688262, 0.04458888198, -0.01060017441, 0.02039391062}, {0.0004215078861, 0.0011593629, -0.001015601691, 0.001901641321}, {0.006720154387, 0.0163685211, -0.004080182924, 0.009891076995}}, {{0.000155304453, -0.02996759461, 0.1898301561, -0.01964704793}, {0.0004215078861, -0.01060017441, 0.03584060253, -0.009643291105}, {-0.0003360179197, -0.001015601691, 0.001086398287, -0.001790585681}, {0.0006222472358, -0.004080182924, 0.01061930912, -0.004675967512}}, {{0.01240845281, 0.04966262377, -0.01964704793, 0.2083718318}, {0.006720154387, 0.02039391062, -0.009643291105, 0.04634828125}, {0.0006222472358, 0.001901641321, -0.001790585681, 0.003118720809}, {0.003878381937, 0.009891076995, -0.004675967512, 0.01697503106}}}, {{{0.03720640387, 0.01420688262, 0.0004215078861, 0.006720154387}, {0.2046260126, 0.04458888198, 0.0011593629, 0.01637281295}, {-0.02996759461, -0.01059438467, -0.001015601691, -0.004080182924}, {0.04966262377, 0.02039391062, 0.001901641321, 0.009891076995}}, {{0.01420688262, 0.04458888198, -0.01060017441, 0.02039391062}, {0.04458888198, 0.2225689497, -0.03388247273, 0.05957841001}, {-0.01059438467, -0.03388247273, 0.006616961758, -0.01285444011}, {0.02039391062, 0.05957841001, -0.01285444011, 0.02800980242}}, {{0.0004215078861, -0.01060017441, 0.03584060253, -0.009643291105}, {0.0011593629, -0.03388247273, 0.2011629756, -0.023535038}, {-0.001015601691, 0.006616961758, -0.02730375623, 0.004599256697}, {0.001901641321, -0.01285444011, 0.04483179115, -0.01190884974}}, {{0.006720154387, 0.02039391062, -0.009643291105, 0.04634828125}, {0.01637301382, 0.05957841001, -0.023535038, 0.2254482201}, {-0.004080182924, -0.01285444011, 0.004599256697, -0.03203353581}, {0.009891076995, 0.02800980242, -0.01190884974, 0.05990638226}}}, {{{0.0001556611665, 0.0004215078861, -0.0003360179197, 0.0006222472358}, {-0.02996759461, -0.01059438467, -0.001015601691, -0.004080182924}, {0.1898310897, 0.03584060253, 0.00109026611, 0.01061930912}, {-0.01964704793, -0.009643291105, -0.001790585681, -0.004678475232}}, {{0.0004215078861, 0.0011593629, -0.001015601691, 0.001901641321}, {-0.01059438467, -0.03388247273, 0.006616961758, -0.01285444011}, {0.03584060253, 0.2011629756, -0.02730390427, 0.04483179115}, {-0.009643291105, -0.023535038, 0.004599256697, -0.01190884974}}, {{-0.0003360179197, -0.001015601691, 0.001086398287, -0.001790585681}, {-0.001015601691, 0.006616961758, -0.02730375623, 0.004599256697}, {0.00109026611, -0.02730375623, 0.187234111, -0.01549691529}, {-0.001790585681, 0.004599256697, -0.01549691529, 0.004478337089}}, {{0.0006222472358, 0.001901641321, -0.001790585681, 0.003118720809}, {-0.004080182924, -0.01285444011, 0.004599256697, -0.03203353581}, {0.01061930912, 0.04483179115, -0.01549691529, 0.2010303602}, {-0.004675755514, -0.01190884974, 0.004478337089, -0.02185781014}}}, {{{0.01240845281, 0.006720154387, 0.0006222472358, 0.003878381937}, {0.04966262377, 0.02039391062, 0.001901641321, 0.009891076995}, {-0.01964704793, -0.009643291105, -0.001790585681, -0.004678475232}, {0.2083718318, 0.04634828125, 0.003118720809, 0.01697503106}}, {{0.006720154387, 0.0163685211, -0.004080182924, 0.009891076995}, {0.02039391062, 0.05957841001, -0.01285444011, 0.02800980242}, {-0.009643291105, -0.023535038, 0.004599256697, -0.01190884974}, {0.04634828125, 0.2254482201, -0.03203353581, 0.05990638226}}, {{0.0006222472358, -0.004080182924, 0.01061930912, -0.004678888523}, {0.001901641321, -0.01285444011, 0.04483179115, -0.01190884974}, {-0.001790585681, 0.004599256697, -0.01549691529, 0.004478337089}, {0.003118720809, -0.03203353581, 0.2010303602, -0.02185781014}}, {{0.003878381937, 0.009891076995, -0.004678888523, 0.01697503106}, {0.009891076995, 0.02800980242, -0.01190884974, 0.05990638226}, {-0.004675755514, -0.01190884974, 0.004478337089, -0.02185781014}, {0.01697503106, 0.05990638226, -0.02185781014, 0.2249099582}}}}
0.190427     0.0372064    0.000155304  0.0124085      0.0372064    0.204626     -0.0299676   0.0496626      0.000155304  -0.0299676   0.18983      -0.019647      0.0124085    0.0496626    -0.019647    0.208372
0.0372064    0.0142069    0.000421508  0.00672015     0.0142069    0.0445889    -0.0106002   0.0203939      0.000421508  -0.0106002   0.0358406    -0.00964329    0.00672015   0.0203939    -0.00964329  0.0463483
0.000155661  0.000421508  -0.000336018 0.000622247    0.000421508  0.00115936   -0.0010156   0.00190164     -0.000336018 -0.0010156   0.0010864    -0.00179059    0.000622247  0.00190164   -0.00179059  0.00311872
0.0124085    0.00672015   0.000622247  0.00387838     0.00672015   0.0163685    -0.00408018  0.00989108     0.000622247  -0.00408018  0.0106193    -0.00467597    0.00387838   0.00989108   -0.00467597  0.016975

0.0372064    0.0142069    0.000421508  0.00672015     0.0142069    0.0445889    -0.0106002   0.0203939      0.000421508  -0.0106002   0.0358406    -0.00964329    0.00672015   0.0203939    -0.00964329  0.0463483
0.204626     0.0445889    0.00115936   0.0163728      0.0445889    0.222569     -0.0338825   0.0595784      0.00115936   -0.0338825   0.201163     -0.023535      0.016373     0.0595784    -0.023535    0.225448
-0.0299676   -0.0105944   -0.0010156   -0.00408018    -0.0105944   -0.0338825   0.00661696   -0.0128544     -0.0010156   0.00661696   -0.0273038   0.00459926     -0.00408018  -0.0128544   0.00459926   -0.0320335
0.0496626    0.0203939    0.00190164   0.00989108     0.0203939    0.0595784    -0.0128544   0.0280098      0.00190164   -0.0128544   0.0448318    -0.0119088     0.00989108   0.0280098    -0.0119088   0.0599064

0.000155661  0.000421508  -0.000336018 0.000622247    0.000421508  0.00115936   -0.0010156   0.00190164     -0.000336018 -0.0010156   0.0010864    -0.00179059    0.000622247  0.00190164   -0.00179059  0.00311872
-0.0299676   -0.0105944   -0.0010156   -0.00408018    -0.0105944   -0.0338825   0.00661696   -0.0128544     -0.0010156   0.00661696   -0.0273038   0.00459926     -0.00408018  -0.0128544   0.00459926   -0.0320335
0.189831     0.0358406    0.00109027   0.0106193      0.0358406    0.201163     -0.0273039   0.0448318      0.00109027   -0.0273038   0.187234     -0.0154969     0.0106193    0.0448318    -0.0154969   0.20103
-0.019647    -0.00964329  -0.00179059  -0.00467848    -0.00964329  -0.023535    0.00459926   -0.0119088     -0.00179059  0.00459926   -0.0154969   0.00447834     -0.00467576  -0.0119088   0.00447834   -0.0218578

0.0124085    0.00672015   0.000622247  0.00387838     0.00672015   0.0163685    -0.00408018  0.00989108     0.000622247  -0.00408018  0.0106193    -0.00467889    0.00387838   0.00989108   -0.00467889  0.016975
0.0496626    0.0203939    0.00190164   0.00989108     0.0203939    0.0595784    -0.0128544   0.0280098      0.00190164   -0.0128544   0.0448318    -0.0119088     0.00989108   0.0280098    -0.0119088   0.0599064
-0.019647    -0.00964329  -0.00179059  -0.00467848    -0.00964329  -0.023535    0.00459926   -0.0119088     -0.00179059  0.00459926   -0.0154969   0.00447834     -0.00467576  -0.0119088   0.00447834   -0.0218578
0.208372     0.0463483    0.00311872   0.016975       0.0463483    0.225448     -0.0320335   0.0599064      0.00311872   -0.0320335   0.20103      -0.0218578     0.016975     0.0599064    -0.0218578   0.22491


    Hamiltonian Matrix BC:    < psi_{i1,B} <psi_{i2,C} | V_e-e | psi_{i3,B} <psi_{i4,C} >

HijkBC: {{{{0.190427197, -0.03720640387, 0.0001556459981, 0.01240845281}, {-0.03720640387, 0.01420688262, -0.0004215078861, -0.006720154387}, {0.0001553196215, -0.0004215078861, -0.0003360179197, 0.0006222472358}, {0.01240845281, -0.006720154387, 0.0006222472358, 0.003878381937}}, {{-0.03720640387, 0.2046260126, 0.02996759461, -0.04966262377}, {0.01420688262, -0.04458888198, -0.01059441692, 0.02039391062}, {-0.0004215078861, 0.0011593629, 0.001015601691, -0.001901641321}, {-0.006720154387, 0.01636682971, 0.004080182924, -0.009891076995}}, {{0.0001556459981, 0.02996759461, 0.1898308276, -0.01964704793}, {-0.0004215078861, -0.01059441692, -0.03584060253, 0.009643291105}, {-0.0003360179197, 0.001015601691, 0.001090130141, -0.001790585681}, {0.0006222472358, 0.004080182924, 0.01061930912, -0.004678855496}}, {{0.01240845281, -0.04966262377, -0.01964704793, 0.2083718318}, {-0.006720154387, 0.02039391062, 0.009643291105, -0.04634828125}, {0.0006222472358, -0.001901641321, -0.001790585681, 0.003118720809}, {0.003878381937, -0.009891076995, -0.004678855496, 0.01697503106}}}, {{{-0.03720640387, 0.01420688262, -0.0004215078861, -0.006720154387}, {0.2046260126, -0.04458888198, 0.0011593629, 0.01637538108}, {0.02996759461, -0.01060014217, 0.001015601691, 0.004080182924}, {-0.04966262377, 0.02039391062, -0.001901641321, -0.009891076995}}, {{0.01420688262, -0.04458888198, -0.01059441663, 0.02039391062}, {-0.04458888198, 0.2225689497, 0.03388247273, -0.05957841001}, {-0.01060014246, 0.03388247273, 0.006616774102, -0.01285444011}, {0.02039391062, -0.05957841001, -0.01285444011, 0.02800980242}}, {{-0.0004215078861, -0.01059441692, -0.03584060253, 0.009643291105}, {0.0011593629, 0.03388247273, 0.2011629756, -0.023535038}, {0.001015601691, 0.006616774102, 0.0273036082, -0.004599256697}, {-0.001901641321, -0.01285444011, -0.04483179115, 0.01190884974}}, {{-0.006720154387, 0.02039391062, 0.009643291105, -0.04634828125}, {0.01637538108, -0.05957841001, -0.023535038, 0.2254482201}, {0.004080182924, -0.01285444011, -0.004599256697, 0.03203353581}, {-0.009891076995, 0.02800980242, 0.01190884974, -0.05990638226}}}, {{{0.0001553196215, -0.0004215078861, -0.0003360179197, 0.0006222472358}, {0.02996759461, -0.01060014217, 0.001015601691, 0.004080182924}, {0.1898304135, -0.03584060253, 0.001086597165, 0.01061930912}, {-0.01964704793, 0.009643291105, -0.001790585681, -0.004675788541}}, {{-0.0004215078861, 0.0011593629, 0.001015601691, -0.001901641321}, {-0.01060014217, 0.03388247273, 0.006616774102, -0.01285444011}, {-0.03584060253, 0.2011629756, 0.02730375623, -0.04483179115}, {0.009643291105, -0.023535038, -0.004599256697, 0.01190884974}}, {{-0.0003360179197, 0.001015601691, 0.001090130141, -0.001790585681}, {0.001015601691, 0.006616774102, 0.0273036082, -0.004599256697}, {0.001086597165, 0.02730375623, 0.187234111, -0.01549691529}, {-0.001790585681, -0.004599256697, -0.01549691529, 0.004478337089}}, {{0.0006222472358, -0.001901641321, -0.001790585681, 0.003118720809}, {0.004080182924, -0.01285444011, -0.004599256697, 0.03203353581}, {0.01061930912, -0.04483179115, -0.01549691529, 0.2010303602}, {-0.004675965288, 0.01190884974, 0.004478337089, -0.02185781014}}}, {{{0.01240845281, -0.006720154387, 0.0006222472358, 0.003878381937}, {-0.04966262377, 0.02039391062, -0.001901641321, -0.009891076995}, {-0.01964704793, 0.009643291105, -0.001790585681, -0.004675788541}, {0.2083718318, -0.04634828125, 0.003118720809, 0.01697503106}}, {{-0.006720154387, 0.01636826747, 0.004080182924, -0.009891076995}, {0.02039391062, -0.05957841001, -0.01285444011, 0.02800980242}, {0.009643291105, -0.023535038, -0.004599256697, 0.01190884974}, {-0.04634828125, 0.2254482201, 0.03203353581, -0.05990638226}}, {{0.0006222472358, 0.004080182924, 0.01061930912, -0.004678477456}, {-0.001901641321, -0.01285444011, -0.04483179115, 0.01190884974}, {-0.001790585681, -0.004599256697, -0.01549691529, 0.004478337089}, {0.003118720809, 0.03203353581, 0.2010303602, -0.02185781014}}, {{0.003878381937, -0.009891076995, -0.004678477456, 0.01697503106}, {-0.009891076995, 0.02800980242, 0.01190884974, -0.05990638226}, {-0.004675965288, 0.01190884974, 0.004478337089, -0.02185781014}, {0.01697503106, -0.05990638226, -0.02185781014, 0.2249099582}}}}
0.190427     -0.0372064   0.000155646  0.0124085      -0.0372064   0.204626     0.0299676    -0.0496626     0.000155646  0.0299676    0.189831     -0.019647      0.0124085    -0.0496626   -0.019647    0.208372
-0.0372064   0.0142069    -0.000421508 -0.00672015    0.0142069    -0.0445889   -0.0105944   0.0203939      -0.000421508 -0.0105944   -0.0358406   0.00964329     -0.00672015  0.0203939    0.00964329   -0.0463483
0.00015532   -0.000421508 -0.000336018 0.000622247    -0.000421508 0.00115936   0.0010156    -0.00190164    -0.000336018 0.0010156    0.00109013   -0.00179059    0.000622247  -0.00190164  -0.00179059  0.00311872
0.0124085    -0.00672015  0.000622247  0.00387838     -0.00672015  0.0163668    0.00408018   -0.00989108    0.000622247  0.00408018   0.0106193    -0.00467886    0.00387838   -0.00989108  -0.00467886  0.016975

-0.0372064   0.0142069    -0.000421508 -0.00672015    0.0142069    -0.0445889   -0.0105944   0.0203939      -0.000421508 -0.0105944   -0.0358406   0.00964329     -0.00672015  0.0203939    0.00964329   -0.0463483
0.204626     -0.0445889   0.00115936   0.0163754      -0.0445889   0.222569     0.0338825    -0.0595784     0.00115936   0.0338825    0.201163     -0.023535      0.0163754    -0.0595784   -0.023535    0.225448
0.0299676    -0.0106001   0.0010156    0.00408018     -0.0106001   0.0338825    0.00661677   -0.0128544     0.0010156    0.00661677   0.0273036    -0.00459926    0.00408018   -0.0128544   -0.00459926  0.0320335
-0.0496626   0.0203939    -0.00190164  -0.00989108    0.0203939    -0.0595784   -0.0128544   0.0280098      -0.00190164  -0.0128544   -0.0448318   0.0119088      -0.00989108  0.0280098    0.0119088    -0.0599064

0.00015532   -0.000421508 -0.000336018 0.000622247    -0.000421508 0.00115936   0.0010156    -0.00190164    -0.000336018 0.0010156    0.00109013   -0.00179059    0.000622247  -0.00190164  -0.00179059  0.00311872
0.0299676    -0.0106001   0.0010156    0.00408018     -0.0106001   0.0338825    0.00661677   -0.0128544     0.0010156    0.00661677   0.0273036    -0.00459926    0.00408018   -0.0128544   -0.00459926  0.0320335
