Oscillators N=2 2022-12-24  w=0.525000 a=3.63009.nb ( N = 2, M = 4 )
~~~~~~~~~~~~~~~~~~~~~~~~~~~~~~~~~~~~~~
Run Commenced: Wed 28 Dec 2022 03:10:25
Run Completed: Wed 28 Dec 2022 03:27:06
Time Elapsed: 00:16:41

Oscillators Used: 2
Wavefunctions Used: 4
Internuclear Separation: 4.5
omega: 0.525
nu : 0.262357

For display purposes, the threshold of Hamiltonian matrix elements has been set to: 10^-6.


    Hamiltonian Matrix A:    < psi_{i,A} | H_k | psi_{j,A} >
    H_1 = T_kin,    H_2 = V_pot,    H_3 = V_1-B,    H_4 = V_A-B

HijkA: {{{0.39375, 0.39375, -0.2222212813, 0.2222221728}, {0., 0., -0.04820119549, 0.}, {0.3214955287, -0.3214955287, -0.000008105111154, 0.}, {0., 0., -0.01809899524, 0.}}, {{0., 0., -0.04820119549, 0.}, {0.65625, 0.65625, -0.2431135757, 0.2222221728}, {0., 0., 0.03931874827, 0.}, {0., 0., -0.06738351555, 0.}}, {{0.3214955287, -0.3214955287, -0.000008105111154, 0.}, {0., 0., 0.03931874827, 0.}, {0.91875, 0.91875, -0.2221476443, 0.2222221728}, {0., 0., 0.02945609241, 0.}}, {{0., 0., -0.01809899524, 0.}, {0., 0., -0.06738351555, 0.}, {0., 0., 0.02945609241, 0.}, {0.91875, 0.91875, -0.2517973935, 0.2222221728}}}
0.39375      0.           0.321496     0.
0.39375      0.           -0.321496    0.
-0.222221    -0.0482012   0.           -0.018099
0.222222     0.           0.           0.

0.           0.65625      0.           0.
0.           0.65625      0.           0.
-0.0482012   -0.243114    0.0393187    -0.0673835
0.           0.222222     0.           0.

0.321496     0.           0.91875      0.
-0.321496    0.           0.91875      0.
0.           0.0393187    -0.222148    0.0294561
0.           0.           0.222222     0.

0.           0.           0.           0.91875
0.           0.           0.           0.91875
-0.018099    -0.0673835   0.0294561    -0.251797
0.           0.           0.           0.222222


    Hamiltonian Matrix B:    < psi_{i,B} | H_k | psi_{j,B} >
    H_1 = T_kin,    H_2 = V_pot,    H_3 = V_2-A,    H_4 = V_B-A 

HijkB: {{{0.39375, 0.39375, -0.2222212813, 0.2222221728}, {0., 0., -0.04820119549, 0.}, {0.3214955287, -0.3214955287, -0.000008105111154, 0.}, {0., 0., -0.01809899524, 0.}}, {{0., 0., -0.04820119549, 0.}, {0.65625, 0.65625, -0.2431135757, 0.2222221728}, {0., 0., 0.03931874827, 0.}, {0., 0., -0.06738351555, 0.}}, {{0.3214955287, -0.3214955287, -0.000008105111154, 0.}, {0., 0., 0.03931874827, 0.}, {0.91875, 0.91875, -0.2221476443, 0.2222221728}, {0., 0., 0.02945609241, 0.}}, {{0., 0., -0.01809899524, 0.}, {0., 0., -0.06738351555, 0.}, {0., 0., 0.02945609241, 0.}, {0.91875, 0.91875, -0.2517973935, 0.2222221728}}}
0.39375      0.           0.321496     0.
0.39375      0.           -0.321496    0.
-0.222221    -0.0482012   0.           -0.018099
0.222222     0.           0.           0.

0.           0.65625      0.           0.
0.           0.65625      0.           0.
-0.0482012   -0.243114    0.0393187    -0.0673835
0.           0.222222     0.           0.

0.321496     0.           0.91875      0.
-0.321496    0.           0.91875      0.
0.           0.0393187    -0.222148    0.0294561
0.           0.           0.222222     0.

0.           0.           0.           0.91875
0.           0.           0.           0.91875
-0.018099    -0.0673835   0.0294561    -0.251797
0.           0.           0.           0.222222


    Hamiltonian Matrix AB:    < psi_{i1,A} <psi_{i2,B} | V_e-e | psi_{i3,A} <psi_{i4,B} >

HijkAB: {{{{0.2219966675, 0.04755047285, 0.0005623455782, 0.01706461949}, {0.04755047285, 0.01925670034, 0.001320837464, 0.009220962527}, {0.0005630708815, 0.001320837464, -0.0008940505103, 0.001762705089}, {0.01706461949, 0.009220962527, 0.001762705089, 0.005111918498}}, {{0.04755047285, 0.2412532195, -0.03750402874, 0.06411638671}, {0.01925670034, 0.05717341647, -0.01292314448, 0.02662646}, {0.001320837464, 0.003346155453, -0.002655235924, 0.004877348752}, {0.009220962527, 0.02155387203, -0.004209451575, 0.01243919144}}, {{0.0005623455782, -0.03750402874, 0.2201578452, -0.02607577897}, {0.001320837464, -0.01292314448, 0.04377581968, -0.01170061899}, {-0.0008940505103, -0.002655235924, 0.002542780935, -0.004226081591}, {0.001762705089, -0.004209451575, 0.01280223313, -0.004805410588}}, {{0.01706461949, 0.06411638671, -0.02607577897, 0.2458950188}, {0.009220962527, 0.02662646, -0.01170061899, 0.0578251568}, {0.001762705089, 0.004877348752, -0.004226081591, 0.007480057662}, {0.005111918498, 0.01243919144, -0.004805410588, 0.02056282471}}}, {{{0.04755047285, 0.01925670034, 0.001320837464, 0.009220962527}, {0.2412532195, 0.05717341647, 0.003346155453, 0.0215233398}, {-0.03750402874, -0.01292325289, -0.002655235924, -0.004209451575}, {0.06411638671, 0.02662646, 0.004877348752, 0.01243919144}}, {{0.01925670034, 0.05717341647, -0.01292314448, 0.02662646}, {0.05717341647, 0.263381198, -0.04023544019, 0.07455780341}, {-0.01292325289, -0.04023544019, 0.006358387607, -0.01333764631}, {0.02662646, 0.07455780341, -0.01333764631, 0.03359658988}}, {{0.001320837464, -0.01292314448, 0.04377581968, -0.01170061899}, {0.003346155453, -0.04023544019, 0.2329315574, -0.02821231889}, {-0.002655235924, 0.006358387607, -0.03206344685, 0.003349700956}, {0.004877348752, -0.01333764631, 0.05359467138, -0.01201217377}}, {{0.009220962527, 0.02662646, -0.01170061899, 0.0578251568}, {0.0215233398, 0.07455780341, -0.02821231889, 0.2634271616}, {-0.004209451575, -0.01333764631, 0.003349700956, -0.03522937244}, {0.01243919144, 0.03359658988, -0.01201217377, 0.07032164885}}}, {{{0.0005630708815, 0.001320837464, -0.0008940505103, 0.001762705089}, {-0.03750402874, -0.01292325289, -0.002655235924, -0.004209451575}, {0.2201587306, 0.04377581968, 0.002542984958, 0.01280223313}, {-0.02607577897, -0.01170061899, -0.004226081591, -0.004798798184}}, {{0.001320837464, 0.003346155453, -0.002655235924, 0.004877348752}, {-0.01292325289, -0.04023544019, 0.006358387607, -0.01333764631}, {0.04377581968, 0.2329315574, -0.03206344685, 0.05359467138}, {-0.01170061899, -0.02821231889, 0.003349700956, -0.01201217377}}, {{-0.0008940505103, -0.002655235924, 0.002542780935, -0.004226081591}, {-0.002655235924, 0.006358387607, -0.03206344685, 0.003349700956}, {0.002542984958, -0.03206344685, 0.2150686557, -0.01820666012}, {-0.004226081591, 0.003349700956, -0.01820666012, 0.003031718021}}, {{0.001762705089, 0.004877348752, -0.004226081591, 0.007480057662}, {-0.004209451575, -0.01333764631, 0.003349700956, -0.03522937244}, {0.01280223313, 0.05359467138, -0.01820666012, 0.2310917372}, {-0.004798798184, -0.01201217377, 0.003031718021, -0.02278539372}}}, {{{0.01706461949, 0.009220962527, 0.001762705089, 0.005111918498}, {0.06411638671, 0.02662646, 0.004877348752, 0.01243919144}, {-0.02607577897, -0.01170061899, -0.004226081591, -0.004798798184}, {0.2458950188, 0.05782517455, 0.007480057662, 0.02056282471}}, {{0.009220962527, 0.02155387526, -0.004209451575, 0.01243919144}, {0.02662646, 0.07455780341, -0.01333764631, 0.03359658988}, {-0.01170061899, -0.02821231889, 0.003349700956, -0.01201217377}, {0.05782517455, 0.2634271616, -0.03522937244, 0.07032164885}}, {{0.001762705089, -0.004209451575, 0.01280223313, -0.004805410588}, {0.004877348752, -0.01333764631, 0.05359467138, -0.01201217377}, {-0.004226081591, 0.003349700956, -0.01820666012, 0.003031718021}, {0.007480057662, -0.03522937244, 0.2310917372, -0.02278540107}}, {{0.005111918498, 0.01243919144, -0.004805410588, 0.02056282471}, {0.01243919144, 0.03359658988, -0.01201217377, 0.07032164885}, {-0.004798798184, -0.01201217377, 0.003031718021, -0.02278540107}, {0.02056282471, 0.07032164885, -0.02278540843, 0.257294105}}}}
0.221997     0.0475505    0.000562346  0.0170646      0.0475505    0.241253     -0.037504    0.0641164      0.000562346  -0.037504    0.220158     -0.0260758     0.0170646    0.0641164    -0.0260758   0.245895
0.0475505    0.0192567    0.00132084   0.00922096     0.0192567    0.0571734    -0.0129231   0.0266265      0.00132084   -0.0129231   0.0437758    -0.0117006     0.00922096   0.0266265    -0.0117006   0.0578252
0.000563071  0.00132084   -0.000894051 0.00176271     0.00132084   0.00334616   -0.00265524  0.00487735     -0.000894051 -0.00265524  0.00254278   -0.00422608    0.00176271   0.00487735   -0.00422608  0.00748006
0.0170646    0.00922096   0.00176271   0.00511192     0.00922096   0.0215539    -0.00420945  0.0124392      0.00176271   -0.00420945  0.0128022    -0.00480541    0.00511192   0.0124392    -0.00480541  0.0205628

0.0475505    0.0192567    0.00132084   0.00922096     0.0192567    0.0571734    -0.0129231   0.0266265      0.00132084   -0.0129231   0.0437758    -0.0117006     0.00922096   0.0266265    -0.0117006   0.0578252
0.241253     0.0571734    0.00334616   0.0215233      0.0571734    0.263381     -0.0402354   0.0745578      0.00334616   -0.0402354   0.232932     -0.0282123     0.0215233    0.0745578    -0.0282123   0.263427
-0.037504    -0.0129233   -0.00265524  -0.00420945    -0.0129233   -0.0402354   0.00635839   -0.0133376     -0.00265524  0.00635839   -0.0320634   0.0033497      -0.00420945  -0.0133376   0.0033497    -0.0352294
0.0641164    0.0266265    0.00487735   0.0124392      0.0266265    0.0745578    -0.0133376   0.0335966      0.00487735   -0.0133376   0.0535947    -0.0120122     0.0124392    0.0335966    -0.0120122   0.0703216

0.000563071  0.00132084   -0.000894051 0.00176271     0.00132084   0.00334616   -0.00265524  0.00487735     -0.000894051 -0.00265524  0.00254278   -0.00422608    0.00176271   0.00487735   -0.00422608  0.00748006
-0.037504    -0.0129233   -0.00265524  -0.00420945    -0.0129233   -0.0402354   0.00635839   -0.0133376     -0.00265524  0.00635839   -0.0320634   0.0033497      -0.00420945  -0.0133376   0.0033497    -0.0352294
0.220159     0.0437758    0.00254298   0.0128022      0.0437758    0.232932     -0.0320634   0.0535947      0.00254298   -0.0320634   0.215069     -0.0182067     0.0128022    0.0535947    -0.0182067   0.231092
-0.0260758   -0.0117006   -0.00422608  -0.0047988     -0.0117006   -0.0282123   0.0033497    -0.0120122     -0.00422608  0.0033497    -0.0182067   0.00303172     -0.0047988   -0.0120122   0.00303172   -0.0227854

0.0170646    0.00922096   0.00176271   0.00511192     0.00922096   0.0215539    -0.00420945  0.0124392      0.00176271   -0.00420945  0.0128022    -0.00480541    0.00511192   0.0124392    -0.00480541  0.0205628
0.0641164    0.0266265    0.00487735   0.0124392      0.0266265    0.0745578    -0.0133376   0.0335966      0.00487735   -0.0133376   0.0535947    -0.0120122     0.0124392    0.0335966    -0.0120122   0.0703216
-0.0260758   -0.0117006   -0.00422608  -0.0047988     -0.0117006   -0.0282123   0.0033497    -0.0120122     -0.00422608  0.0033497    -0.0182067   0.00303172     -0.0047988   -0.0120122   0.00303172   -0.0227854
0.245895     0.0578252    0.00748006   0.0205628      0.0578252    0.263427     -0.0352294   0.0703216      0.00748006   -0.0352294   0.231092     -0.0227854     0.0205628    0.0703216    -0.0227854   0.257294


    Hamiltonian Matrix BA:    < psi_{i1,B} <psi_{i2,A} | V_e-e | psi_{i3,B} <psi_{i4,A} >

HijkBA: {{{{0.2219966675, 0.04755047285, 0.0005623455782, 0.01706461949}, {0.04755047285, 0.01925670034, 0.001320837464, 0.009220962527}, {0.0005630708815, 0.001320837464, -0.0008940505103, 0.001762705089}, {0.01706461949, 0.009220962527, 0.001762705089, 0.005111918498}}, {{0.04755047285, 0.2412532195, -0.03750402874, 0.06411638671}, {0.01925670034, 0.05717341647, -0.01292314448, 0.02662646}, {0.001320837464, 0.003346155453, -0.002655235924, 0.004877348752}, {0.009220962527, 0.02155387203, -0.004209451575, 0.01243919144}}, {{0.0005623455782, -0.03750402874, 0.2201578452, -0.02607577897}, {0.001320837464, -0.01292314448, 0.04377581968, -0.01170061899}, {-0.0008940505103, -0.002655235924, 0.002542780935, -0.004226081591}, {0.001762705089, -0.004209451575, 0.01280223313, -0.004805410588}}, {{0.01706461949, 0.06411638671, -0.02607577897, 0.2458950188}, {0.009220962527, 0.02662646, -0.01170061899, 0.0578251568}, {0.001762705089, 0.004877348752, -0.004226081591, 0.007480057662}, {0.005111918498, 0.01243919144, -0.004805410588, 0.02056282471}}}, {{{0.04755047285, 0.01925670034, 0.001320837464, 0.009220962527}, {0.2412532195, 0.05717341647, 0.003346155453, 0.0215233398}, {-0.03750402874, -0.01292325289, -0.002655235924, -0.004209451575}, {0.06411638671, 0.02662646, 0.004877348752, 0.01243919144}}, {{0.01925670034, 0.05717341647, -0.01292314448, 0.02662646}, {0.05717341647, 0.263381198, -0.04023544019, 0.07455780341}, {-0.01292325289, -0.04023544019, 0.006358387607, -0.01333764631}, {0.02662646, 0.07455780341, -0.01333764631, 0.03359658988}}, {{0.001320837464, -0.01292314448, 0.04377581968, -0.01170061899}, {0.003346155453, -0.04023544019, 0.2329315574, -0.02821231889}, {-0.002655235924, 0.006358387607, -0.03206344685, 0.003349700956}, {0.004877348752, -0.01333764631, 0.05359467138, -0.01201217377}}, {{0.009220962527, 0.02662646, -0.01170061899, 0.0578251568}, {0.0215233398, 0.07455780341, -0.02821231889, 0.2634271616}, {-0.004209451575, -0.01333764631, 0.003349700956, -0.03522937244}, {0.01243919144, 0.03359658988, -0.01201217377, 0.07032164885}}}, {{{0.0005630708815, 0.001320837464, -0.0008940505103, 0.001762705089}, {-0.03750402874, -0.01292325289, -0.002655235924, -0.004209451575}, {0.2201587306, 0.04377581968, 0.002542984958, 0.01280223313}, {-0.02607577897, -0.01170061899, -0.004226081591, -0.004798798184}}, {{0.001320837464, 0.003346155453, -0.002655235924, 0.004877348752}, {-0.01292325289, -0.04023544019, 0.006358387607, -0.01333764631}, {0.04377581968, 0.2329315574, -0.03206344685, 0.05359467138}, {-0.01170061899, -0.02821231889, 0.003349700956, -0.01201217377}}, {{-0.0008940505103, -0.002655235924, 0.002542780935, -0.004226081591}, {-0.002655235924, 0.006358387607, -0.03206344685, 0.003349700956}, {0.002542984958, -0.03206344685, 0.2150686557, -0.01820666012}, {-0.004226081591, 0.003349700956, -0.01820666012, 0.003031718021}}, {{0.001762705089, 0.004877348752, -0.004226081591, 0.007480057662}, {-0.004209451575, -0.01333764631, 0.003349700956, -0.03522937244}, {0.01280223313, 0.05359467138, -0.01820666012, 0.2310917372}, {-0.004798798184, -0.01201217377, 0.003031718021, -0.02278539372}}}, {{{0.01706461949, 0.009220962527, 0.001762705089, 0.005111918498}, {0.06411638671, 0.02662646, 0.004877348752, 0.01243919144}, {-0.02607577897, -0.01170061899, -0.004226081591, -0.004798798184}, {0.2458950188, 0.05782517455, 0.007480057662, 0.02056282471}}, {{0.009220962527, 0.02155387526, -0.004209451575, 0.01243919144}, {0.02662646, 0.07455780341, -0.01333764631, 0.03359658988}, {-0.01170061899, -0.02821231889, 0.003349700956, -0.01201217377}, {0.05782517455, 0.2634271616, -0.03522937244, 0.07032164885}}, {{0.001762705089, -0.004209451575, 0.01280223313, -0.004805410588}, {0.004877348752, -0.01333764631, 0.05359467138, -0.01201217377}, {-0.004226081591, 0.003349700956, -0.01820666012, 0.003031718021}, {0.007480057662, -0.03522937244, 0.2310917372, -0.02278540107}}, {{0.005111918498, 0.01243919144, -0.004805410588, 0.02056282471}, {0.01243919144, 0.03359658988, -0.01201217377, 0.07032164885}, {-0.004798798184, -0.01201217377, 0.003031718021, -0.02278540107}, {0.02056282471, 0.07032164885, -0.02278540843, 0.257294105}}}}
0.221997     0.0475505    0.000562346  0.0170646      0.0475505    0.241253     -0.037504    0.0641164      0.000562346  -0.037504    0.220158     -0.0260758     0.0170646    0.0641164    -0.0260758   0.245895
0.0475505    0.0192567    0.00132084   0.00922096     0.0192567    0.0571734    -0.0129231   0.0266265      0.00132084   -0.0129231   0.0437758    -0.0117006     0.00922096   0.0266265    -0.0117006   0.0578252
0.000563071  0.00132084   -0.000894051 0.00176271     0.00132084   0.00334616   -0.00265524  0.00487735     -0.000894051 -0.00265524  0.00254278   -0.00422608    0.00176271   0.00487735   -0.00422608  0.00748006
0.0170646    0.00922096   0.00176271   0.00511192     0.00922096   0.0215539    -0.00420945  0.0124392      0.00176271   -0.00420945  0.0128022    -0.00480541    0.00511192   0.0124392    -0.00480541  0.0205628

0.0475505    0.0192567    0.00132084   0.00922096     0.0192567    0.0571734    -0.0129231   0.0266265      0.00132084   -0.0129231   0.0437758    -0.0117006     0.00922096   0.0266265    -0.0117006   0.0578252
0.241253     0.0571734    0.00334616   0.0215233      0.0571734    0.263381     -0.0402354   0.0745578      0.00334616   -0.0402354   0.232932     -0.0282123     0.0215233    0.0745578    -0.0282123   0.263427
-0.037504    -0.0129233   -0.00265524  -0.00420945    -0.0129233   -0.0402354   0.00635839   -0.0133376     -0.00265524  0.00635839   -0.0320634   0.0033497      -0.00420945  -0.0133376   0.0033497    -0.0352294
0.0641164    0.0266265    0.00487735   0.0124392      0.0266265    0.0745578    -0.0133376   0.0335966      0.00487735   -0.0133376   0.0535947    -0.0120122     0.0124392    0.0335966    -0.0120122   0.0703216

0.000563071  0.00132084   -0.000894051 0.00176271     0.00132084   0.00334616   -0.00265524  0.00487735     -0.000894051 -0.00265524  0.00254278   -0.00422608    0.00176271   0.00487735   -0.00422608  0.00748006
-0.037504    -0.0129233   -0.00265524  -0.00420945    -0.0129233   -0.0402354   0.00635839   -0.0133376     -0.00265524  0.00635839   -0.0320634   0.0033497      -0.00420945  -0.0133376   0.0033497    -0.0352294
0.220159     0.0437758    0.00254298   0.0128022      0.0437758    0.232932     -0.0320634   0.0535947      0.00254298   -0.0320634   0.215069     -0.0182067     0.0128022    0.0535947    -0.0182067   0.231092
-0.0260758   -0.0117006   -0.00422608  -0.0047988     -0.0117006   -0.0282123   0.0033497    -0.0120122     -0.00422608  0.0033497    -0.0182067   0.00303172     -0.0047988   -0.0120122   0.00303172   -0.0227854

0.0170646    0.00922096   0.00176271   0.00511192     0.00922096   0.0215539    -0.00420945  0.0124392      0.00176271   -0.00420945  0.0128022    -0.00480541    0.00511192   0.0124392    -0.00480541  0.0205628
0.0641164    0.0266265    0.00487735   0.0124392      0.0266265    0.0745578    -0.0133376   0.0335966      0.00487735   -0.0133376   0.0535947    -0.0120122     0.0124392    0.0335966    -0.0120122   0.0703216
-0.0260758   -0.0117006   -0.00422608  -0.0047988     -0.0117006   -0.0282123   0.0033497    -0.0120122     -0.00422608  0.0033497    -0.0182067   0.00303172     -0.0047988   -0.0120122   0.00303172   -0.0227854
0.245895     0.0578252    0.00748006   0.0205628      0.0578252    0.263427     -0.0352294   0.0703216      0.00748006   -0.0352294   0.231092     -0.0227854     0.0205628    0.0703216    -0.0227854   0.257294


Energy:  {1.574772197}


Coefficients: {{0.9999987401, 0.001135850817, -0.0005411805785, 0.0009679038176}, {0.9999987401, 0.001135850817, -0.0005411805785, 0.0009679038176}}


r2: {2.861232537, 2.861232537}
r2f: {2.858699035}


r3: {5.945356701, 5.945356701}
r3f: {5.93746167}


alpha: {3.634916923, 3.634916923}
alphaf: {3.63009}




~~~XDM (a1=0.65, a2=3.17474)~~~

M1^2: {2.858706211, 2.858706211}
M1f^2: {2.858699035}

M2^2: {13.62034731, 13.62034731}
M2f^2: {13.62026696}

M3^2: {90.85216245, 90.85216245}
M3f^2: {90.85123601}

C6XDM: {{5.195579794, 5.195579794}, {5.195579794, 5.195579794}}
C6XDMf: {5.18866739}

C8XDM: {{74.26324642, 74.26324642}, {74.26324642, 74.26324642}}
C8XDMf: {74.16419231}

C10XDM: {{1155.83977, 1155.83977}, {1155.83977, 1155.83977}}
C10XDMf: {1154.293572}

EXDMC6: {-0.0006256887659}
EXDMC8: {-0.0004416447256}
EXDMC10: {-0.0003394466529}

EXDMBJC6: {-0.0001234751426}
EXDMBJC8: {-0.0000589449108}
EXDMBJC10: {-0.00002987113261}

EXDM: {-0.001406780144}
EXDMBJ: {-0.000212291186}




~~~TS (dTS=20, sR=0.62)~~~

C6TS: {{5.202475286, 5.202475286}, {5.202475286, 5.202475286}}
C6TSf: {5.18866739}

ETS: {-0.0006265191702}
ETSWY: {-0.0006063391854}




~~~MBD~~~

 alpha: {3.646865532, 3.646865532}
  C6ii: {5.223850733, 5.223850733}
 omega: {0.523708949, 0.523708949}
lambda: {0.2961944837, 0.2852461581, 0.2852461581, 0.2632959684, 0.2632959684, 0.2523476427}
Energy: {-0.0006288588983}

~~~MBD@rsSCS (drsSCS=6, sR=0.62)~~~

 alpha: {3.635705126, 3.635705126}
  C6ii: {5.203905663, 5.203905663}
 omega: {0.5249172521, 0.5249172521}
lambda: {0.2917013655, 0.2836197435, 0.2836197435, 0.2674564995, 0.2674564995, 0.2593748775}
Energy: {-0.0003389506626}




~~~MBDFree1~~~

 alpha: {3.641991239, 3.641991239}
  C6ii: {5.209929347, 5.209929347}
 omega: {0.5237123035, 0.5237123035}
lambda: {0.2961692092, 0.285235155, 0.285235155, 0.2633139987, 0.2633139987, 0.2523799445}
Energy: {-0.0006271898805}

~~~MBDFree1@rsSCS (drsSCS=6, sR=0.62)~~~

 alpha: {3.630875265, 3.630875265}
  C6ii: {5.19009041, 5.19009041}
 omega: {0.5249174386, 0.5249174386}
lambda: {0.2916801007, 0.283609209, 0.283609209, 0.2674674256, 0.2674674256, 0.259396534}
Energy: {-0.0003380500956}




~~~MBDFree2~~~

 alpha: {3.641991239, 3.641991239}
  C6ii: {5.223793824, 5.223793824}
 omega: {0.5251059879, 0.5251059879}
lambda: {0.2977476163, 0.2867552901, 0.2867552901, 0.2647173069, 0.2647173069, 0.2537249807}
Energy: {-0.0006288589357}

~~~MBDFree2@rsSCS (drsSCS=6, sR=0.62)~~~

 alpha: {3.630875265, 3.630875265}
  C6ii: {5.203902092, 5.203902092}
 omega: {0.52631433, 0.52631433}
lambda: {0.2932345835, 0.2851206787, 0.2851206787, 0.2688928692, 0.2688928692, 0.2607789645}
Energy: {-0.0003389497024}




~~~MBD@XDM1~~~

 alpha: {3.644432165, 3.644432165}
  C6ii: {5.216898528, 5.216898528}
 omega: {0.5237106241, 0.5237106241}
lambda: {0.2961818669, 0.2852406656, 0.2852406656, 0.2633049699, 0.2633049699, 0.2523637686}
Energy: {-0.0006280254166}

~~~MBD@XDM1@rsSCS (drsSCS=6, sR=0.62)~~~

 alpha: {3.633293955, 3.633293955}
  C6ii: {5.197006495, 5.197006495}
 omega: {0.5249173452, 0.5249173452}
lambda: {0.2916907496, 0.2836144844, 0.2836144844, 0.2674619541, 0.2674619541, 0.2593856889}
Energy: {-0.00033850093}




~~~MBD@XDM2~~~

 alpha: {3.646865532, 3.646865532}
  C6ii: {5.21692691, 5.21692691}
 omega: {0.5230148119, 0.5230148119}
lambda: {0.2954098368, 0.2844905143, 0.2844905143, 0.2625984727, 0.2625984727, 0.2516791502}
Energy: {-0.0006280253928}

~~~MBD@XDM2@rsSCS (drsSCS=6, sR=0.62)~~~

 alpha: {3.635705126, 3.635705126}
  C6ii: {5.197008275, 5.197008275}
 omega: {0.5242215135, 0.5242215135}
lambda: {0.2909286212, 0.2828684082, 0.2828684082, 0.2667479822, 0.2667479822, 0.2586877692}
Energy: {-0.0003385014088}




    ENERGY MATRIX: {Non-Interacting, Electron-Nuclear, Electron-Electron, Nuclear-Nuclear, Total Energy}
Oscillator 1 Energy: {0.7875019685, -0.2223660893, 0.1111391326, 0.1111110864, 0.7873860983}
Oscillator 2 Energy: {0.7875019685, -0.2223660893, 0.1111391326, 0.1111110864, 0.7873860983}
Energy Totals: {1.575003937, -0.4447321785, 0.2222782652, 0.2222221728, 1.574772197}


    COEFFICIENT MATRIX: {c1, c2, c5, c6, c11, c14}
Oscillator 1 Cs: {0.9999987401, 0.001135850817, -0.0005411805785, 0.0009679038176}
Oscillator 2 Cs: {0.9999987401, 0.001135850817, -0.0005411805785, 0.0009679038176}


    GENERAL RESULTS: {R, E, r2, r2f, r3, r3f, alpha, alphaf}
Oscillator 1 General Results: {4.500001, 1.574772197, 2.861232537, 2.858699035, 5.945356701, 5.93746167, 3.634916923, 3.63009}
Oscillator 2 General Results: {4.500001, 1.574772197, 2.861232537, 2.858699035, 5.945356701, 5.93746167, 3.634916923, 3.63009}


    XDM RESULTS: {M1^2, M1f^2, M2^2, M2f^2, M3^2, M3f^2, C6XDMii, C6XDMij, C6XDMf, C8XDMii, C8XDMij, C8XDMf, C10XDMii, C10XDMij, C10XDMf, EXDMC6, EXDMC8, EXDMC10, EXDMBJC6, EXDMBJC8, EXDMBJC10, EXDM, EXDMBJ}
Oscillator 1 XDM Results: {2.858706211, 2.858699035, 13.62034731, 13.62026696, 90.85216245, 90.85123601, 5.195579794, {{5.195579794, 5.195579794}, {5.195579794, 5.195579794}}, 5.18866739, 74.26324642, {{74.26324642, 74.26324642}, {74.26324642, 74.26324642}}, 74.16419231, 1155.83977, {{1155.83977, 1155.83977}, {1155.83977, 1155.83977}}, 1154.293572, -0.0006256887659, -0.0004416447256, -0.0003394466529, -0.0001234751426, -0.0000589449108, -0.00002987113261, -0.001406780144, -0.000212291186}
Oscillator 2 XDM Results: {2.858706211, 2.858699035, 13.62034731, 13.62026696, 90.85216245, 90.85123601, 5.195579794, {{5.195579794, 5.195579794}, {5.195579794, 5.195579794}}, 5.18866739, 74.26324642, {{74.26324642, 74.26324642}, {74.26324642, 74.26324642}}, 74.16419231, 1155.83977, {{1155.83977, 1155.83977}, {1155.83977, 1155.83977}}, 1154.293572, -0.0006256887659, -0.0004416447256, -0.0003394466529, -0.0001234751426, -0.0000589449108, -0.00002987113261, -0.001406780144, -0.000212291186}


    TS RESULTS: {C6TSii, C6TSij, C6TSf, ETS, ETSWY}
Oscillator 1 TS Results: {5.202475286, {{5.202475286, 5.202475286}, {5.202475286, 5.202475286}}, 5.18866739, -0.0006265191702, -0.0006063391854}
Oscillator 2 TS Results: {5.202475286, {{5.202475286, 5.202475286}, {5.202475286, 5.202475286}}, 5.18866739, -0.0006265191702, -0.0006063391854}


    MBD RESULTS: {MBD_alpha, MBD_C6, MBD_omega, MBD_Energy, MBDF1_alpha, MBDF1_C6, MBDF1_omega, MBDF1_Energy, MBDF2_alpha, MBDF2_C6, MBDF2_omega, MBDF2_Energy, MBDX1_alpha, MBDX1_C6, MBDX1_omega, MBDX1_Energy, MBDX2_alpha, MBDX2_C6, MBDX2_omega, MBDX2_Energy}
Oscillator 1 MBD Results: {3.646865532, 5.223850733, 0.523708949, -0.0006288588983, 3.641991239, 5.209929347, 0.5237123035, -0.0006271898805, 3.641991239, 5.223793824, 0.5251059879, -0.0006288589357, 3.644432165, 5.216898528, 0.5237106241, -0.0006280254166, 3.646865532, 5.21692691, 0.5230148119, -0.0006280253928}
Oscillator 2 MBD Results: {3.646865532, 5.223850733, 0.523708949, -0.0006288588983, 3.641991239, 5.209929347, 0.5237123035, -0.0006271898805, 3.641991239, 5.223793824, 0.5251059879, -0.0006288589357, 3.644432165, 5.216898528, 0.5237106241, -0.0006280254166, 3.646865532, 5.21692691, 0.5230148119, -0.0006280253928}


    MBDRSSCS RESULTS: {MBDrsSCS_alpha, MBDrsSCS_C6, MBDrsSCS_omega, MBDrsSCS_Energy, MBDF1rsSCS_alpha, MBDF1rsSCS_C6, MBDF1rsSCS_omega, MBDF1rsSCS_Energy, MBDF2rsSCS_alpha, MBDF2rsSCS_C6, MBDF2rsSCS_omega, MBDF2rsSCS_Energy, MBDX1rsSCS_alpha, MBDX1rsSCS_C6, MBDX1rsSCS_omega, MBDX1rsSCS_Energy, MBDX2rsSCS_alpha, MBDX2rsSCS_C6, MBDX2rsSCS_omega, MBDX2rsSCS_Energy}
Oscillator 1 MBDrsSCS Results: {3.635705126, 5.203905663, 0.5249172521, -0.0003389506626, 3.630875265, 5.19009041, 0.5249174386, -0.0003380500956, 3.630875265, 5.203902092, 0.52631433, -0.0003389497024, 3.633293955, 5.197006495, 0.5249173452, -0.00033850093, 3.635705126, 5.197008275, 0.5242215135, -0.0003385014088}
Oscillator 2 MBDrsSCS Results: {3.635705126, 5.203905663, 0.5249172521, -0.0003389506626, 3.630875265, 5.19009041, 0.5249174386, -0.0003380500956, 3.630875265, 5.203902092, 0.52631433, -0.0003389497024, 3.633293955, 5.197006495, 0.5249173452, -0.00033850093, 3.635705126, 5.197008275, 0.5242215135, -0.0003385014088}


         {R, Energy}
SUMMARY: {4.500001, 1.574772197}