Oscillators N=2 2022-12-24  w=0.525000 a=3.63009.nb ( N = 2, M = 4 )
~~~~~~~~~~~~~~~~~~~~~~~~~~~~~~~~~~~~~~
Run Commenced: Wed 28 Dec 2022 03:44:15
Run Completed: Wed 28 Dec 2022 04:01:05
Time Elapsed: 00:16:49

Oscillators Used: 2
Wavefunctions Used: 4
Internuclear Separation: 5.
omega: 0.525
nu : 0.262357

For display purposes, the threshold of Hamiltonian matrix elements has been set to: 10^-6.


    Hamiltonian Matrix A:    < psi_{i,A} | H_k | psi_{j,A} >
    H_1 = T_kin,    H_2 = V_pot,    H_3 = V_1-B,    H_4 = V_A-B

HijkA: {{{0.39375, 0.39375, -0.199999904, 0.19999996}, {0., 0., -0.039046284, 0.}, {0.3214955287, -0.3214955287, -0.0000006703883222, 0.}, {0., 0., -0.01320269654, 0.}}, {{0., 0., -0.039046284, 0.}, {0.65625, 0.65625, -0.2152445141, 0.19999996}, {0., 0., 0.03187772287, 0.}, {0., 0., -0.05281471912, 0.}}, {{0.3214955287, -0.3214955287, -0.0000006703883222, 0.}, {0., 0., 0.03187772287, 0.}, {0.91875, 0.91875, -0.1999924425, 0.19999996}, {0., 0., 0.02154975965, 0.}}, {{0., 0., -0.01320269654, 0.}, {0., 0., -0.05281471912, 0.}, {0., 0., 0.02154975965, 0.}, {0.91875, 0.91875, -0.2204577191, 0.19999996}}}
0.39375      0.           0.321496     0.
0.39375      0.           -0.321496    0.
-0.2         -0.0390463   0.           -0.0132027
0.2          0.           0.           0.

0.           0.65625      0.           0.
0.           0.65625      0.           0.
-0.0390463   -0.215245    0.0318777    -0.0528147
0.           0.2          0.           0.

0.321496     0.           0.91875      0.
-0.321496    0.           0.91875      0.
0.           0.0318777    -0.199992    0.0215498
0.           0.           0.2          0.

0.           0.           0.           0.91875
0.           0.           0.           0.91875
-0.0132027   -0.0528147   0.0215498    -0.220458
0.           0.           0.           0.2


    Hamiltonian Matrix B:    < psi_{i,B} | H_k | psi_{j,B} >
    H_1 = T_kin,    H_2 = V_pot,    H_3 = V_2-A,    H_4 = V_B-A 

HijkB: {{{0.39375, 0.39375, -0.199999904, 0.19999996}, {0., 0., -0.039046284, 0.}, {0.3214955287, -0.3214955287, -0.0000006703883222, 0.}, {0., 0., -0.01320269654, 0.}}, {{0., 0., -0.039046284, 0.}, {0.65625, 0.65625, -0.2152445141, 0.19999996}, {0., 0., 0.03187772287, 0.}, {0., 0., -0.05281471912, 0.}}, {{0.3214955287, -0.3214955287, -0.0000006703883222, 0.}, {0., 0., 0.03187772287, 0.}, {0.91875, 0.91875, -0.1999924425, 0.19999996}, {0., 0., 0.02154975965, 0.}}, {{0., 0., -0.01320269654, 0.}, {0., 0., -0.05281471912, 0.}, {0., 0., 0.02154975965, 0.}, {0.91875, 0.91875, -0.2204577191, 0.19999996}}}
0.39375      0.           0.321496     0.
0.39375      0.           -0.321496    0.
-0.2         -0.0390463   0.           -0.0132027
0.2          0.           0.           0.

0.           0.65625      0.           0.
0.           0.65625      0.           0.
-0.0390463   -0.215245    0.0318777    -0.0528147
0.           0.2          0.           0.

0.321496     0.           0.91875      0.
-0.321496    0.           0.91875      0.
0.           0.0318777    -0.199992    0.0215498
0.           0.           0.2          0.

0.           0.           0.           0.91875
0.           0.           0.           0.91875
-0.0132027   -0.0528147   0.0215498    -0.220458
0.           0.           0.           0.2


    Hamiltonian Matrix AB:    < psi_{i1,A} <psi_{i2,B} | V_e-e | psi_{i3,A} <psi_{i4,B} >

HijkAB: {{{{0.1999430222, 0.03887994969, 0.0001601511709, 0.01291193302}, {0.03887994969, 0.01479057764, 0.0004237812238, 0.006965905203}, {0.0001598366394, 0.0004237812238, -0.0003344632189, 0.0006362494244}, {0.01291193302, 0.006965905203, 0.0006362494244, 0.004003312154}}, {{0.03887994969, 0.2147466289, -0.03133204854, 0.05185645171}, {0.01479057764, 0.04659283052, -0.01107416873, 0.021183716}, {0.0004237812238, 0.001161893699, -0.001047532092, 0.001867618033}, {0.006965905203, 0.01704293398, -0.004291128759, 0.01032982998}}, {{0.0001601511709, -0.03133204854, 0.1993618473, -0.02047477372}, {0.0004237812238, -0.01107416873, 0.03752426685, -0.01001883609}, {-0.0003344632189, -0.001047532092, 0.001092415669, -0.001810153992}, {0.0006362494244, -0.004291128759, 0.01114776061, -0.004850684402}}, {{0.01291193302, 0.05185645171, -0.02047477372, 0.2186189737}, {0.006965905203, 0.021183716, -0.01001883609, 0.04852040629}, {0.0006362494244, 0.001867618033, -0.001810153992, 0.00315661483}, {0.004003312154, 0.01032982998, -0.004850684402, 0.0177703484}}}, {{{0.03887994969, 0.01479057764, 0.0004237812238, 0.006965905203}, {0.2147466289, 0.04659283052, 0.001161893699, 0.01704389596}, {-0.03133204854, -0.0110784487, -0.001047532092, -0.004291128759}, {0.05185645171, 0.021183716, 0.001867618033, 0.01032982998}}, {{0.01479057764, 0.04659283052, -0.01107416873, 0.021183716}, {0.04659283052, 0.2335332224, -0.03544682053, 0.0621972178}, {-0.0110784487, -0.03544682053, 0.007008263741, -0.01347841478}, {0.021183716, 0.0621972178, -0.01347841478, 0.02932928176}}, {{0.0004237812238, -0.01107416873, 0.03752426685, -0.01001883609}, {0.001161893699, -0.03544682053, 0.2112761126, -0.02456889947}, {-0.001047532092, 0.007008263741, -0.0286865458, 0.004907851118}, {0.001867618033, -0.01347841478, 0.04696361193, -0.01245646352}}, {{0.006965954348, 0.021183716, -0.01001883609, 0.04852040629}, {0.01704389596, 0.0621972178, -0.02456889947, 0.2365282666}, {-0.004291128759, -0.01347841478, 0.004907851118, -0.03359431077}, {0.01032982998, 0.02932928176, -0.01245646352, 0.06270033509}}}, {{{0.0001598366394, 0.0004237812238, -0.0003344632189, 0.0006362494244}, {-0.03133204854, -0.0110784487, -0.001047532092, -0.004291128759}, {0.1993638455, 0.03752426685, 0.001095271511, 0.01114776061}, {-0.02047477372, -0.01001883609, -0.001810153992, -0.004904227235}}, {{0.0004237812238, 0.001161893699, -0.001047532092, 0.001867618033}, {-0.0110784487, -0.03544682053, 0.007008263741, -0.01347841478}, {0.03752426685, 0.2112761126, -0.0286865458, 0.04696361193}, {-0.01001883609, -0.02456889947, 0.004907851118, -0.01245646352}}, {{-0.0003344632189, -0.001047532092, 0.001092415669, -0.001810153992}, {-0.001047532092, 0.007008263741, -0.0286865458, 0.004907851118}, {0.001095271511, -0.0286865458, 0.1966545427, -0.0162751989}, {-0.001810153992, 0.004907851118, -0.0162751989, 0.004661813803}}, {{0.0006362494244, 0.001867618033, -0.001810153992, 0.00315661483}, {-0.004291128759, -0.01347841478, 0.004907851118, -0.03359431077}, {0.01114776061, 0.04696361193, -0.0162751989, 0.2110814538}, {-0.004904227235, -0.01245646352, 0.004661813803, -0.02257652137}}}, {{{0.01291193302, 0.006965905203, 0.0006362494244, 0.004003312154}, {0.05185645171, 0.021183716, 0.001867618033, 0.01032982998}, {-0.02047477372, -0.01001883609, -0.001810153992, -0.004904227235}, {0.2186189737, 0.04852040629, 0.00315661483, 0.0177703484}}, {{0.006965905203, 0.01704293321, -0.004291128759, 0.01032982998}, {0.021183716, 0.0621972178, -0.01347841478, 0.02932928176}, {-0.01001883609, -0.02456889947, 0.004907851118, -0.01245646352}, {0.04852040629, 0.2365282666, -0.03359431077, 0.06270033509}}, {{0.0006362494244, -0.004291128759, 0.01114776061, -0.004850684402}, {0.001867618033, -0.01347841478, 0.04696361193, -0.01245646352}, {-0.001810153992, 0.004907851118, -0.0162751989, 0.004661813803}, {0.00315661483, -0.03359431077, 0.2110814538, -0.02257652137}}, {{0.004003312154, 0.01032982998, -0.004850684402, 0.0177703484}, {0.01032982998, 0.02932928176, -0.01245646352, 0.06270033509}, {-0.004904227235, -0.01245646352, 0.004661813803, -0.02257652137}, {0.0177703484, 0.06270033509, -0.02257652137, 0.2363931406}}}}
0.199943     0.0388799    0.000160151  0.0129119      0.0388799    0.214747     -0.031332    0.0518565      0.000160151  -0.031332    0.199362     -0.0204748     0.0129119    0.0518565    -0.0204748   0.218619
0.0388799    0.0147906    0.000423781  0.00696591     0.0147906    0.0465928    -0.0110742   0.0211837      0.000423781  -0.0110742   0.0375243    -0.0100188     0.00696591   0.0211837    -0.0100188   0.0485204
0.000159837  0.000423781  -0.000334463 0.000636249    0.000423781  0.00116189   -0.00104753  0.00186762     -0.000334463 -0.00104753  0.00109242   -0.00181015    0.000636249  0.00186762   -0.00181015  0.00315661
0.0129119    0.00696591   0.000636249  0.00400331     0.00696591   0.0170429    -0.00429113  0.0103298      0.000636249  -0.00429113  0.0111478    -0.00485068    0.00400331   0.0103298    -0.00485068  0.0177703

0.0388799    0.0147906    0.000423781  0.00696591     0.0147906    0.0465928    -0.0110742   0.0211837      0.000423781  -0.0110742   0.0375243    -0.0100188     0.00696595   0.0211837    -0.0100188   0.0485204
0.214747     0.0465928    0.00116189   0.0170439      0.0465928    0.233533     -0.0354468   0.0621972      0.00116189   -0.0354468   0.211276     -0.0245689     0.0170439    0.0621972    -0.0245689   0.236528
-0.031332    -0.0110784   -0.00104753  -0.00429113    -0.0110784   -0.0354468   0.00700826   -0.0134784     -0.00104753  0.00700826   -0.0286865   0.00490785     -0.00429113  -0.0134784   0.00490785   -0.0335943
0.0518565    0.0211837    0.00186762   0.0103298      0.0211837    0.0621972    -0.0134784   0.0293293      0.00186762   -0.0134784   0.0469636    -0.0124565     0.0103298    0.0293293    -0.0124565   0.0627003

0.000159837  0.000423781  -0.000334463 0.000636249    0.000423781  0.00116189   -0.00104753  0.00186762     -0.000334463 -0.00104753  0.00109242   -0.00181015    0.000636249  0.00186762   -0.00181015  0.00315661
-0.031332    -0.0110784   -0.00104753  -0.00429113    -0.0110784   -0.0354468   0.00700826   -0.0134784     -0.00104753  0.00700826   -0.0286865   0.00490785     -0.00429113  -0.0134784   0.00490785   -0.0335943
0.199364     0.0375243    0.00109527   0.0111478      0.0375243    0.211276     -0.0286865   0.0469636      0.00109527   -0.0286865   0.196655     -0.0162752     0.0111478    0.0469636    -0.0162752   0.211081
-0.0204748   -0.0100188   -0.00181015  -0.00490423    -0.0100188   -0.0245689   0.00490785   -0.0124565     -0.00181015  0.00490785   -0.0162752   0.00466181     -0.00490423  -0.0124565   0.00466181   -0.0225765

0.0129119    0.00696591   0.000636249  0.00400331     0.00696591   0.0170429    -0.00429113  0.0103298      0.000636249  -0.00429113  0.0111478    -0.00485068    0.00400331   0.0103298    -0.00485068  0.0177703
0.0518565    0.0211837    0.00186762   0.0103298      0.0211837    0.0621972    -0.0134784   0.0293293      0.00186762   -0.0134784   0.0469636    -0.0124565     0.0103298    0.0293293    -0.0124565   0.0627003
-0.0204748   -0.0100188   -0.00181015  -0.00490423    -0.0100188   -0.0245689   0.00490785   -0.0124565     -0.00181015  0.00490785   -0.0162752   0.00466181     -0.00490423  -0.0124565   0.00466181   -0.0225765
0.218619     0.0485204    0.00315661   0.0177703      0.0485204    0.236528     -0.0335943   0.0627003      0.00315661   -0.0335943   0.211081     -0.0225765     0.0177703    0.0627003    -0.0225765   0.236393


    Hamiltonian Matrix BA:    < psi_{i1,B} <psi_{i2,A} | V_e-e | psi_{i3,B} <psi_{i4,A} >

HijkBA: {{{{0.1999430222, 0.03887994969, 0.0001601511709, 0.01291193302}, {0.03887994969, 0.01479057764, 0.0004237812238, 0.006965905203}, {0.0001598366394, 0.0004237812238, -0.0003344632189, 0.0006362494244}, {0.01291193302, 0.006965905203, 0.0006362494244, 0.004003312154}}, {{0.03887994969, 0.2147466289, -0.03133204854, 0.05185645171}, {0.01479057764, 0.04659283052, -0.01107416873, 0.021183716}, {0.0004237812238, 0.001161893699, -0.001047532092, 0.001867618033}, {0.006965905203, 0.01704293398, -0.004291128759, 0.01032982998}}, {{0.0001601511709, -0.03133204854, 0.1993618473, -0.02047477372}, {0.0004237812238, -0.01107416873, 0.03752426685, -0.01001883609}, {-0.0003344632189, -0.001047532092, 0.001092415669, -0.001810153992}, {0.0006362494244, -0.004291128759, 0.01114776061, -0.004850684402}}, {{0.01291193302, 0.05185645171, -0.02047477372, 0.2186189737}, {0.006965905203, 0.021183716, -0.01001883609, 0.04852040629}, {0.0006362494244, 0.001867618033, -0.001810153992, 0.00315661483}, {0.004003312154, 0.01032982998, -0.004850684402, 0.0177703484}}}, {{{0.03887994969, 0.01479057764, 0.0004237812238, 0.006965905203}, {0.2147466289, 0.04659283052, 0.001161893699, 0.01704389596}, {-0.03133204854, -0.0110784487, -0.001047532092, -0.004291128759}, {0.05185645171, 0.021183716, 0.001867618033, 0.01032982998}}, {{0.01479057764, 0.04659283052, -0.01107416873, 0.021183716}, {0.04659283052, 0.2335332224, -0.03544682053, 0.0621972178}, {-0.0110784487, -0.03544682053, 0.007008263741, -0.01347841478}, {0.021183716, 0.0621972178, -0.01347841478, 0.02932928176}}, {{0.0004237812238, -0.01107416873, 0.03752426685, -0.01001883609}, {0.001161893699, -0.03544682053, 0.2112761126, -0.02456889947}, {-0.001047532092, 0.007008263741, -0.0286865458, 0.004907851118}, {0.001867618033, -0.01347841478, 0.04696361193, -0.01245646352}}, {{0.006965954348, 0.021183716, -0.01001883609, 0.04852040629}, {0.01704389596, 0.0621972178, -0.02456889947, 0.2365282666}, {-0.004291128759, -0.01347841478, 0.004907851118, -0.03359431077}, {0.01032982998, 0.02932928176, -0.01245646352, 0.06270033509}}}, {{{0.0001598366394, 0.0004237812238, -0.0003344632189, 0.0006362494244}, {-0.03133204854, -0.0110784487, -0.001047532092, -0.004291128759}, {0.1993638455, 0.03752426685, 0.001095271511, 0.01114776061}, {-0.02047477372, -0.01001883609, -0.001810153992, -0.004904227235}}, {{0.0004237812238, 0.001161893699, -0.001047532092, 0.001867618033}, {-0.0110784487, -0.03544682053, 0.007008263741, -0.01347841478}, {0.03752426685, 0.2112761126, -0.0286865458, 0.04696361193}, {-0.01001883609, -0.02456889947, 0.004907851118, -0.01245646352}}, {{-0.0003344632189, -0.001047532092, 0.001092415669, -0.001810153992}, {-0.001047532092, 0.007008263741, -0.0286865458, 0.004907851118}, {0.001095271511, -0.0286865458, 0.1966545427, -0.0162751989}, {-0.001810153992, 0.004907851118, -0.0162751989, 0.004661813803}}, {{0.0006362494244, 0.001867618033, -0.001810153992, 0.00315661483}, {-0.004291128759, -0.01347841478, 0.004907851118, -0.03359431077}, {0.01114776061, 0.04696361193, -0.0162751989, 0.2110814538}, {-0.004904227235, -0.01245646352, 0.004661813803, -0.02257652137}}}, {{{0.01291193302, 0.006965905203, 0.0006362494244, 0.004003312154}, {0.05185645171, 0.021183716, 0.001867618033, 0.01032982998}, {-0.02047477372, -0.01001883609, -0.001810153992, -0.004904227235}, {0.2186189737, 0.04852040629, 0.00315661483, 0.0177703484}}, {{0.006965905203, 0.01704293321, -0.004291128759, 0.01032982998}, {0.021183716, 0.0621972178, -0.01347841478, 0.02932928176}, {-0.01001883609, -0.02456889947, 0.004907851118, -0.01245646352}, {0.04852040629, 0.2365282666, -0.03359431077, 0.06270033509}}, {{0.0006362494244, -0.004291128759, 0.01114776061, -0.004850684402}, {0.001867618033, -0.01347841478, 0.04696361193, -0.01245646352}, {-0.001810153992, 0.004907851118, -0.0162751989, 0.004661813803}, {0.00315661483, -0.03359431077, 0.2110814538, -0.02257652137}}, {{0.004003312154, 0.01032982998, -0.004850684402, 0.0177703484}, {0.01032982998, 0.02932928176, -0.01245646352, 0.06270033509}, {-0.004904227235, -0.01245646352, 0.004661813803, -0.02257652137}, {0.0177703484, 0.06270033509, -0.02257652137, 0.2363931406}}}}
0.199943     0.0388799    0.000160151  0.0129119      0.0388799    0.214747     -0.031332    0.0518565      0.000160151  -0.031332    0.199362     -0.0204748     0.0129119    0.0518565    -0.0204748   0.218619
0.0388799    0.0147906    0.000423781  0.00696591     0.0147906    0.0465928    -0.0110742   0.0211837      0.000423781  -0.0110742   0.0375243    -0.0100188     0.00696591   0.0211837    -0.0100188   0.0485204
0.000159837  0.000423781  -0.000334463 0.000636249    0.000423781  0.00116189   -0.00104753  0.00186762     -0.000334463 -0.00104753  0.00109242   -0.00181015    0.000636249  0.00186762   -0.00181015  0.00315661
0.0129119    0.00696591   0.000636249  0.00400331     0.00696591   0.0170429    -0.00429113  0.0103298      0.000636249  -0.00429113  0.0111478    -0.00485068    0.00400331   0.0103298    -0.00485068  0.0177703

0.0388799    0.0147906    0.000423781  0.00696591     0.0147906    0.0465928    -0.0110742   0.0211837      0.000423781  -0.0110742   0.0375243    -0.0100188     0.00696595   0.0211837    -0.0100188   0.0485204
0.214747     0.0465928    0.00116189   0.0170439      0.0465928    0.233533     -0.0354468   0.0621972      0.00116189   -0.0354468   0.211276     -0.0245689     0.0170439    0.0621972    -0.0245689   0.236528
-0.031332    -0.0110784   -0.00104753  -0.00429113    -0.0110784   -0.0354468   0.00700826   -0.0134784     -0.00104753  0.00700826   -0.0286865   0.00490785     -0.00429113  -0.0134784   0.00490785   -0.0335943
0.0518565    0.0211837    0.00186762   0.0103298      0.0211837    0.0621972    -0.0134784   0.0293293      0.00186762   -0.0134784   0.0469636    -0.0124565     0.0103298    0.0293293    -0.0124565   0.0627003

0.000159837  0.000423781  -0.000334463 0.000636249    0.000423781  0.00116189   -0.00104753  0.00186762     -0.000334463 -0.00104753  0.00109242   -0.00181015    0.000636249  0.00186762   -0.00181015  0.00315661
-0.031332    -0.0110784   -0.00104753  -0.00429113    -0.0110784   -0.0354468   0.00700826   -0.0134784     -0.00104753  0.00700826   -0.0286865   0.00490785     -0.00429113  -0.0134784   0.00490785   -0.0335943
0.199364     0.0375243    0.00109527   0.0111478      0.0375243    0.211276     -0.0286865   0.0469636      0.00109527   -0.0286865   0.196655     -0.0162752     0.0111478    0.0469636    -0.0162752   0.211081
-0.0204748   -0.0100188   -0.00181015  -0.00490423    -0.0100188   -0.0245689   0.00490785   -0.0124565     -0.00181015  0.00490785   -0.0162752   0.00466181     -0.00490423  -0.0124565   0.00466181   -0.0225765

0.0129119    0.00696591   0.000636249  0.00400331     0.00696591   0.0170429    -0.00429113  0.0103298      0.000636249  -0.00429113  0.0111478    -0.00485068    0.00400331   0.0103298    -0.00485068  0.0177703
0.0518565    0.0211837    0.00186762   0.0103298      0.0211837    0.0621972    -0.0134784   0.0293293      0.00186762   -0.0134784   0.0469636    -0.0124565     0.0103298    0.0293293    -0.0124565   0.0627003
-0.0204748   -0.0100188   -0.00181015  -0.00490423    -0.0100188   -0.0245689   0.00490785   -0.0124565     -0.00181015  0.00490785   -0.0162752   0.00466181     -0.00490423  -0.0124565   0.00466181   -0.0225765
0.218619     0.0485204    0.00315661   0.0177703      0.0485204    0.236528     -0.0335943   0.0627003      0.00315661   -0.0335943   0.211081     -0.0225765     0.0177703    0.0627003    -0.0225765   0.236393


Energy:  {1.574942869}


Coefficients: {{0.9999999081, 0.0002941564909, -0.0001529125637, 0.0002720014285}, {0.9999999081, 0.0002941564909, -0.0001529125637, 0.0002720014285}}


r2: {2.859413403, 2.859413403}
r2f: {2.858699035}


r3: {5.93968742, 5.93968742}
r3f: {5.93746167}


alpha: {3.631450795, 3.631450795}
alphaf: {3.63009}




~~~XDM (a1=0.65, a2=3.17474)~~~

M1^2: {2.858699601, 2.858699601}
M1f^2: {2.858699035}

M2^2: {13.62027316, 13.62027316}
M2f^2: {13.62026696}

M3^2: {90.85130887, 90.85130887}
M3f^2: {90.85123601}

C6XDM: {{5.19061347, 5.19061347}, {5.19061347, 5.19061347}}
C6XDMf: {5.18866739}

C8XDM: {{74.19202772, 74.19202772}, {74.19202772, 74.19202772}}
C8XDMf: {74.16419231}

C10XDM: {{1154.727159, 1154.727159}, {1154.727159, 1154.727159}}
C10XDMf: {1154.293572}

EXDMC6: {-0.0003321988635}
EXDMC8: {-0.0001899312871}
EXDMC10: {-0.0001182438246}

EXDMBJC6: {-0.000105075205}
EXDMBJC8: {-0.00005005051201}
EXDMBJC10: {-0.00002562955308}

EXDM: {-0.0006403739751}
EXDMBJ: {-0.0001807552701}




~~~TS (dTS=20, sR=0.62)~~~

C6TS: {{5.192558224, 5.192558224}, {5.192558224, 5.192558224}}
C6TSf: {5.18866739}

ETS: {-0.0003323233275}
ETSWY: {-0.0003315108467}




~~~MBD~~~

 alpha: {3.637763524, 3.637763524}
  C6ii: {5.203811957, 5.203811957}
 omega: {0.5243139387, 0.5243139387}
lambda: {0.2909032173, 0.2829053252, 0.2829053252, 0.2669048874, 0.2669048874, 0.2589069952}
Energy: {-0.0003332358521}

~~~MBD@rsSCS (drsSCS=6, sR=0.62)~~~

 alpha: {3.631572477, 3.631572477}
  C6ii: {5.192776732, 5.192776732}
 omega: {0.52498749, 0.52498749}
lambda: {0.2893612723, 0.2824865685, 0.2824865685, 0.2687371609, 0.2687371609, 0.2618624571}
Energy: {-0.0002451184096}




~~~MBDFree1~~~

 alpha: {3.636395584, 3.636395584}
  C6ii: {5.199904167, 5.199904167}
 omega: {0.5243144573, 0.5243144573}
lambda: {0.2908977841, 0.2829028767, 0.2829028767, 0.2669084235, 0.2669084235, 0.2589135162}
Energy: {-0.0003329856171}

~~~MBDFree1@rsSCS (drsSCS=6, sR=0.62)~~~

 alpha: {3.630211548, 3.630211548}
  C6ii: {5.188885574, 5.188885574}
 omega: {0.5249874992, 0.5249874992}
lambda: {0.2893561298, 0.2824840021, 0.2824840021, 0.2687397466, 0.2687397466, 0.2618676188}
Energy: {-0.0002449346252}




~~~MBDFree2~~~

 alpha: {3.636395584, 3.636395584}
  C6ii: {5.203803427, 5.203803427}
 omega: {0.5247076257, 0.5247076257}
lambda: {0.2913342195, 0.2833273174, 0.2833273174, 0.2673088676, 0.2673088676, 0.2593019655}
Energy: {-0.0003332353135}

~~~MBDFree2@rsSCS (drsSCS=6, sR=0.62)~~~

 alpha: {3.630211548, 3.630211548}
  C6ii: {5.192776572, 5.192776572}
 omega: {0.5253811724, 0.5253811724}
lambda: {0.2897902523, 0.2829078143, 0.2829078143, 0.2691429382, 0.2691429382, 0.2622605002}
Energy: {-0.0002451182947}




~~~MBD@XDM1~~~

 alpha: {3.63707985, 3.63707985}
  C6ii: {5.201858726, 5.201858726}
 omega: {0.5243141979, 0.5243141979}
lambda: {0.2909005019, 0.2829041015, 0.2829041015, 0.2669066547, 0.2669066547, 0.2589102543}
Energy: {-0.0003331107772}

~~~MBD@XDM1@rsSCS (drsSCS=6, sR=0.62)~~~

 alpha: {3.630892308, 3.630892308}
  C6ii: {5.190831816, 5.190831816}
 omega: {0.5249874946, 0.5249874946}
lambda: {0.2893587022, 0.2824852858, 0.2824852858, 0.2687384532, 0.2687384532, 0.2618650368}
Energy: {-0.0002450265487}




~~~MBD@XDM2~~~

 alpha: {3.637763524, 3.637763524}
  C6ii: {5.201862988, 5.201862988}
 omega: {0.5241175689, 0.5241175689}
lambda: {0.2906853559, 0.2826934534, 0.2826934534, 0.2667049986, 0.2667049986, 0.2587130962}
Energy: {-0.0003331110463}

~~~MBD@XDM2@rsSCS (drsSCS=6, sR=0.62)~~~

 alpha: {3.631572477, 3.631572477}
  C6ii: {5.190831896, 5.190831896}
 omega: {0.524790868, 0.524790868}
lambda: {0.2891445656, 0.2822750104, 0.2822750104, 0.2685358999, 0.2685358999, 0.2616663447}
Energy: {-0.0002450266061}




    ENERGY MATRIX: {Non-Interacting, Electron-Nuclear, Electron-Electron, Nuclear-Nuclear, Total Energy}
Oscillator 1 Energy: {0.7875001477, -0.2000300735, 0.1000013805, 0.09999998, 0.7874714347}
Oscillator 2 Energy: {0.7875001477, -0.2000300735, 0.1000013805, 0.09999998, 0.7874714347}
Energy Totals: {1.575000295, -0.400060147, 0.200002761, 0.19999996, 1.574942869}


    COEFFICIENT MATRIX: {c1, c2, c5, c6, c11, c14}
Oscillator 1 Cs: {0.9999999081, 0.0002941564909, -0.0001529125637, 0.0002720014285}
Oscillator 2 Cs: {0.9999999081, 0.0002941564909, -0.0001529125637, 0.0002720014285}


    GENERAL RESULTS: {R, E, r2, r2f, r3, r3f, alpha, alphaf}
Oscillator 1 General Results: {5.000001, 1.574942869, 2.859413403, 2.858699035, 5.93968742, 5.93746167, 3.631450795, 3.63009}
Oscillator 2 General Results: {5.000001, 1.574942869, 2.859413403, 2.858699035, 5.93968742, 5.93746167, 3.631450795, 3.63009}


    XDM RESULTS: {M1^2, M1f^2, M2^2, M2f^2, M3^2, M3f^2, C6XDMii, C6XDMij, C6XDMf, C8XDMii, C8XDMij, C8XDMf, C10XDMii, C10XDMij, C10XDMf, EXDMC6, EXDMC8, EXDMC10, EXDMBJC6, EXDMBJC8, EXDMBJC10, EXDM, EXDMBJ}
Oscillator 1 XDM Results: {2.858699601, 2.858699035, 13.62027316, 13.62026696, 90.85130887, 90.85123601, 5.19061347, {{5.19061347, 5.19061347}, {5.19061347, 5.19061347}}, 5.18866739, 74.19202772, {{74.19202772, 74.19202772}, {74.19202772, 74.19202772}}, 74.16419231, 1154.727159, {{1154.727159, 1154.727159}, {1154.727159, 1154.727159}}, 1154.293572, -0.0003321988635, -0.0001899312871, -0.0001182438246, -0.000105075205, -0.00005005051201, -0.00002562955308, -0.0006403739751, -0.0001807552701}
Oscillator 2 XDM Results: {2.858699601, 2.858699035, 13.62027316, 13.62026696, 90.85130887, 90.85123601, 5.19061347, {{5.19061347, 5.19061347}, {5.19061347, 5.19061347}}, 5.18866739, 74.19202772, {{74.19202772, 74.19202772}, {74.19202772, 74.19202772}}, 74.16419231, 1154.727159, {{1154.727159, 1154.727159}, {1154.727159, 1154.727159}}, 1154.293572, -0.0003321988635, -0.0001899312871, -0.0001182438246, -0.000105075205, -0.00005005051201, -0.00002562955308, -0.0006403739751, -0.0001807552701}


    TS RESULTS: {C6TSii, C6TSij, C6TSf, ETS, ETSWY}
Oscillator 1 TS Results: {5.192558224, {{5.192558224, 5.192558224}, {5.192558224, 5.192558224}}, 5.18866739, -0.0003323233275, -0.0003315108467}
Oscillator 2 TS Results: {5.192558224, {{5.192558224, 5.192558224}, {5.192558224, 5.192558224}}, 5.18866739, -0.0003323233275, -0.0003315108467}


    MBD RESULTS: {MBD_alpha, MBD_C6, MBD_omega, MBD_Energy, MBDF1_alpha, MBDF1_C6, MBDF1_omega, MBDF1_Energy, MBDF2_alpha, MBDF2_C6, MBDF2_omega, MBDF2_Energy, MBDX1_alpha, MBDX1_C6, MBDX1_omega, MBDX1_Energy, MBDX2_alpha, MBDX2_C6, MBDX2_omega, MBDX2_Energy}
Oscillator 1 MBD Results: {3.637763524, 5.203811957, 0.5243139387, -0.0003332358521, 3.636395584, 5.199904167, 0.5243144573, -0.0003329856171, 3.636395584, 5.203803427, 0.5247076257, -0.0003332353135, 3.63707985, 5.201858726, 0.5243141979, -0.0003331107772, 3.637763524, 5.201862988, 0.5241175689, -0.0003331110463}
Oscillator 2 MBD Results: {3.637763524, 5.203811957, 0.5243139387, -0.0003332358521, 3.636395584, 5.199904167, 0.5243144573, -0.0003329856171, 3.636395584, 5.203803427, 0.5247076257, -0.0003332353135, 3.63707985, 5.201858726, 0.5243141979, -0.0003331107772, 3.637763524, 5.201862988, 0.5241175689, -0.0003331110463}


    MBDRSSCS RESULTS: {MBDrsSCS_alpha, MBDrsSCS_C6, MBDrsSCS_omega, MBDrsSCS_Energy, MBDF1rsSCS_alpha, MBDF1rsSCS_C6, MBDF1rsSCS_omega, MBDF1rsSCS_Energy, MBDF2rsSCS_alpha, MBDF2rsSCS_C6, MBDF2rsSCS_omega, MBDF2rsSCS_Energy, MBDX1rsSCS_alpha, MBDX1rsSCS_C6, MBDX1rsSCS_omega, MBDX1rsSCS_Energy, MBDX2rsSCS_alpha, MBDX2rsSCS_C6, MBDX2rsSCS_omega, MBDX2rsSCS_Energy}
Oscillator 1 MBDrsSCS Results: {3.631572477, 5.192776732, 0.52498749, -0.0002451184096, 3.630211548, 5.188885574, 0.5249874992, -0.0002449346252, 3.630211548, 5.192776572, 0.5253811724, -0.0002451182947, 3.630892308, 5.190831816, 0.5249874946, -0.0002450265487, 3.631572477, 5.190831896, 0.524790868, -0.0002450266061}
Oscillator 2 MBDrsSCS Results: {3.631572477, 5.192776732, 0.52498749, -0.0002451184096, 3.630211548, 5.188885574, 0.5249874992, -0.0002449346252, 3.630211548, 5.192776572, 0.5253811724, -0.0002451182947, 3.630892308, 5.190831816, 0.5249874946, -0.0002450265487, 3.631572477, 5.190831896, 0.524790868, -0.0002450266061}


         {R, Energy}
SUMMARY: {5.000001, 1.574942869}