Oscillators N=2 2022-12-24  w=0.525000 a=3.63009.nb ( N = 2, M = 4 )
~~~~~~~~~~~~~~~~~~~~~~~~~~~~~~~~~~~~~~
Run Commenced: Wed 28 Dec 2022 02:39:30
Run Completed: Wed 28 Dec 2022 02:54:57
Time Elapsed: 00:15:27

Oscillators Used: 2
Wavefunctions Used: 4
Internuclear Separation: 4.
omega: 0.525
nu : 0.262357

For display purposes, the threshold of Hamiltonian matrix elements has been set to: 10^-6.


    Hamiltonian Matrix A:    < psi_{i,A} | H_k | psi_{j,A} >
    H_1 = T_kin,    H_2 = V_pot,    H_3 = V_1-B,    H_4 = V_A-B

HijkA: {{{0.39375, 0.39375, -0.2499894966, 0.2499999375}, {0., 0., -0.06096272116, 0.}, {0.3214955287, -0.3214955287, -0.00007537915535, 0.}, {0., 0., -0.02566185925, 0.}}, {{0., 0., -0.06096272116, 0.}, {0.65625, 0.65625, -0.2795596983, 0.2499999375}, {0., 0., 0.04946697802, 0.}, {0., 0., -0.08874453837, 0.}}, {{0.3214955287, -0.3214955287, -0.00007537915535, 0.}, {0., 0., 0.04946697802, 0.}, {0.91875, 0.91875, -0.2494419751, 0.2499999375}, {0., 0., 0.04117489703, 0.}}, {{0., 0., -0.02566185925, 0.}, {0., 0., -0.08874453837, 0.}, {0., 0., 0.04117489703, 0.}, {0.91875, 0.91875, -0.2941628639, 0.2499999375}}}
0.39375         0.              0.321496        0.
0.39375         0.              -0.321496       0.
-0.249989       -0.0609627      -0.0000753792   -0.0256619
0.25            0.              0.              0.

0.              0.65625         0.              0.
0.              0.65625         0.              0.
-0.0609627      -0.27956        0.049467        -0.0887445
0.              0.25            0.              0.

0.321496        0.              0.91875         0.
-0.321496       0.              0.91875         0.
-0.0000753792   0.049467        -0.249442       0.0411749
0.              0.              0.25            0.

0.              0.              0.              0.91875
0.              0.              0.              0.91875
-0.0256619      -0.0887445      0.0411749       -0.294163
0.              0.              0.              0.25


    Hamiltonian Matrix B:    < psi_{i,B} | H_k | psi_{j,B} >
    H_1 = T_kin,    H_2 = V_pot,    H_3 = V_2-A,    H_4 = V_B-A 

HijkB: {{{0.39375, 0.39375, -0.2499894966, 0.2499999375}, {0., 0., -0.06096272116, 0.}, {0.3214955287, -0.3214955287, -0.00007537915535, 0.}, {0., 0., -0.02566185925, 0.}}, {{0., 0., -0.06096272116, 0.}, {0.65625, 0.65625, -0.2795596983, 0.2499999375}, {0., 0., 0.04946697802, 0.}, {0., 0., -0.08874453837, 0.}}, {{0.3214955287, -0.3214955287, -0.00007537915535, 0.}, {0., 0., 0.04946697802, 0.}, {0.91875, 0.91875, -0.2494419751, 0.2499999375}, {0., 0., 0.04117489703, 0.}}, {{0., 0., -0.02566185925, 0.}, {0., 0., -0.08874453837, 0.}, {0., 0., 0.04117489703, 0.}, {0.91875, 0.91875, -0.2941628639, 0.2499999375}}}
0.39375         0.              0.321496        0.
0.39375         0.              -0.321496       0.
-0.249989       -0.0609627      -0.0000753792   -0.0256619
0.25            0.              0.              0.

0.              0.65625         0.              0.
0.              0.65625         0.              0.
-0.0609627      -0.27956        0.049467        -0.0887445
0.              0.25            0.              0.

0.321496        0.              0.91875         0.
-0.321496       0.              0.91875         0.
-0.0000753792   0.049467        -0.249442       0.0411749
0.              0.              0.25            0.

0.              0.              0.              0.91875
0.              0.              0.              0.91875
-0.0256619      -0.0887445      0.0411749       -0.294163
0.              0.              0.              0.25


    Hamiltonian Matrix AB:    < psi_{i1,A} <psi_{i2,B} | V_e-e | psi_{i3,A} <psi_{i4,B} >

HijkAB: {{{{0.2490877946, 0.05869711152, 0.001754898017, 0.02238517904}, {0.05869711152, 0.02449052134, 0.003635029076, 0.01124441725}, {0.00176230308, 0.003635029076, -0.001954022892, 0.004310624717}, {0.02238517904, 0.01124441725, 0.004310624717, 0.005579704396}}, {{0.05869711152, 0.2734672529, -0.04437114775, 0.07900221386}, {0.02449052134, 0.06873951532, -0.01347600387, 0.03106054461}, {0.003635029076, 0.008434902196, -0.005386387781, 0.01091308633}, {0.01124441725, 0.0252309951, -0.002467878816, 0.0127020797}}, {{0.001754898017, -0.04437114775, 0.2442932778, -0.03212512395}, {0.003635029076, -0.01347600387, 0.05032572509, -0.0116024339}, {-0.001954022892, -0.005386387781, 0.005094576091, -0.008291310582}, {0.004310624717, -0.002467878816, 0.01405701162, -0.003178846222}}, {{0.02238517904, 0.07900221386, -0.03212512395, 0.2776982438}, {0.01124441725, 0.03106054461, -0.0116024339, 0.06546285654}, {0.004310624717, 0.01091308633, -0.008291310582, 0.0157776028}, {0.005579704396, 0.0127020797, -0.003178846222, 0.0210731965}}}, {{{0.05869711152, 0.02449052134, 0.003635029076, 0.01124441725}, {0.2734672529, 0.06873951532, 0.008434902196, 0.02522523925}, {-0.04437114775, -0.01347586688, -0.005386387781, -0.002467878816}, {0.07900221386, 0.03106061704, 0.01091308633, 0.0127020797}}, {{0.02449052134, 0.06873951532, -0.01347600387, 0.03106054461}, {0.06873951532, 0.2959147721, -0.04268613814, 0.08477202118}, {-0.01347586688, -0.04268613814, 0.004048554534, -0.009995014506}, {0.03106061704, 0.08477202118, -0.009995014506, 0.03358343238}}, {{0.003635029076, -0.01347600387, 0.05032572509, -0.0116024339}, {0.008434902196, -0.04268613814, 0.2564088529, -0.02904721188}, {-0.005386387781, 0.004048554534, -0.03518679726, 0.0002304036066}, {0.01091308633, -0.009995014506, 0.05990955525, -0.00850377732}}, {{0.01124441725, 0.03106054461, -0.0116024339, 0.06546285654}, {0.02522523925, 0.08477202118, -0.02904721188, 0.289205087}, {-0.002467878816, -0.009995014506, 0.0002304036066, -0.03364372199}, {0.0127020797, 0.03358343238, -0.00850377732, 0.07342134773}}}, {{{0.00176230308, 0.003635029076, -0.001954022892, 0.004310624717}, {-0.04437114775, -0.01347586688, -0.005386387781, -0.002467878816}, {0.2442985177, 0.05032572509, 0.005082630876, 0.01405701162}, {-0.03212512395, -0.0116024339, -0.008291376818, -0.003178847329}}, {{0.003635029076, 0.008434902196, -0.005386387781, 0.01091308633}, {-0.01347586688, -0.04268613814, 0.004048554534, -0.009995014506}, {0.05032572509, 0.2564088529, -0.03518679726, 0.05990955525}, {-0.0116024339, -0.02904721188, 0.0002304036066, -0.00850377732}}, {{-0.001954022892, -0.005386387781, 0.005094576091, -0.008291310582}, {-0.005386387781, 0.004048554534, -0.03518679726, 0.0002304036066}, {0.005082630876, -0.03518679726, 0.2355663824, -0.01985354399}, {-0.008291376818, 0.0002304036066, -0.01985354399, 0.0003628976833}}, {{0.004310624717, 0.01091308633, -0.008291310582, 0.0157776028}, {-0.002467878816, -0.009995014506, 0.0002304036066, -0.03364372199}, {0.01405701162, 0.05990955525, -0.01985354399, 0.253079379}, {-0.003178847329, -0.00850377732, 0.0003628976833, -0.02051310762}}}, {{{0.02238517904, 0.01124441725, 0.004310624717, 0.005579704396}, {0.07900221386, 0.03106061704, 0.01091308633, 0.0127020797}, {-0.03212512395, -0.0116024339, -0.008291376818, -0.003178847329}, {0.2776982438, 0.06546285654, 0.0157776028, 0.0210731965}}, {{0.01124441725, 0.02523096466, -0.002467878816, 0.0127020797}, {0.03106061704, 0.08477202118, -0.009995014506, 0.03358343238}, {-0.0116024339, -0.02904721188, 0.0002304036066, -0.00850377732}, {0.06546285654, 0.289205087, -0.03364372199, 0.07342134773}}, {{0.004310624717, -0.002467878816, 0.01405701162, -0.003178846222}, {0.01091308633, -0.009995014506, 0.05990955525, -0.00850377732}, {-0.008291376818, 0.0002304036066, -0.01985354399, 0.0003628976833}, {0.0157776028, -0.03364372199, 0.253079379, -0.02051310762}}, {{0.005579704396, 0.0127020797, -0.003178846222, 0.0210731965}, {0.0127020797, 0.03358343238, -0.00850377732, 0.07342134773}, {-0.003178847329, -0.00850377732, 0.0003628976833, -0.02051310762}, {0.0210731965, 0.07342134773, -0.02051310762, 0.2744819893}}}}
0.249088    0.0586971   0.0017549   0.0223852     0.0586971   0.273467    -0.0443711  0.0790022     0.0017549   -0.0443711  0.244293    -0.0321251    0.0223852   0.0790022   -0.0321251  0.277698
0.0586971   0.0244905   0.00363503  0.0112444     0.0244905   0.0687395   -0.013476   0.0310605     0.00363503  -0.013476   0.0503257   -0.0116024    0.0112444   0.0310605   -0.0116024  0.0654629
0.0017623   0.00363503  -0.00195402 0.00431062    0.00363503  0.0084349   -0.00538639 0.0109131     -0.00195402 -0.00538639 0.00509458  -0.00829131   0.00431062  0.0109131   -0.00829131 0.0157776
0.0223852   0.0112444   0.00431062  0.0055797     0.0112444   0.025231    -0.00246788 0.0127021     0.00431062  -0.00246788 0.014057    -0.00317885   0.0055797   0.0127021   -0.00317885 0.0210732

0.0586971   0.0244905   0.00363503  0.0112444     0.0244905   0.0687395   -0.013476   0.0310605     0.00363503  -0.013476   0.0503257   -0.0116024    0.0112444   0.0310605   -0.0116024  0.0654629
0.273467    0.0687395   0.0084349   0.0252252     0.0687395   0.295915    -0.0426861  0.084772      0.0084349   -0.0426861  0.256409    -0.0290472    0.0252252   0.084772    -0.0290472  0.289205
-0.0443711  -0.0134759  -0.00538639 -0.00246788   -0.0134759  -0.0426861  0.00404855  -0.00999501   -0.00538639 0.00404855  -0.0351868  0.000230404   -0.00246788 -0.00999501 0.000230404 -0.0336437
0.0790022   0.0310606   0.0109131   0.0127021     0.0310606   0.084772    -0.00999501 0.0335834     0.0109131   -0.00999501 0.0599096   -0.00850378   0.0127021   0.0335834   -0.00850378 0.0734213

0.0017623   0.00363503  -0.00195402 0.00431062    0.00363503  0.0084349   -0.00538639 0.0109131     -0.00195402 -0.00538639 0.00509458  -0.00829131   0.00431062  0.0109131   -0.00829131 0.0157776
-0.0443711  -0.0134759  -0.00538639 -0.00246788   -0.0134759  -0.0426861  0.00404855  -0.00999501   -0.00538639 0.00404855  -0.0351868  0.000230404   -0.00246788 -0.00999501 0.000230404 -0.0336437
0.244299    0.0503257   0.00508263  0.014057      0.0503257   0.256409    -0.0351868  0.0599096     0.00508263  -0.0351868  0.235566    -0.0198535    0.014057    0.0599096   -0.0198535  0.253079
-0.0321251  -0.0116024  -0.00829138 -0.00317885   -0.0116024  -0.0290472  0.000230404 -0.00850378   -0.00829138 0.000230404 -0.0198535  0.000362898   -0.00317885 -0.00850378 0.000362898 -0.0205131

0.0223852   0.0112444   0.00431062  0.0055797     0.0112444   0.025231    -0.00246788 0.0127021     0.00431062  -0.00246788 0.014057    -0.00317885   0.0055797   0.0127021   -0.00317885 0.0210732
0.0790022   0.0310606   0.0109131   0.0127021     0.0310606   0.084772    -0.00999501 0.0335834     0.0109131   -0.00999501 0.0599096   -0.00850378   0.0127021   0.0335834   -0.00850378 0.0734213
-0.0321251  -0.0116024  -0.00829138 -0.00317885   -0.0116024  -0.0290472  0.000230404 -0.00850378   -0.00829138 0.000230404 -0.0198535  0.000362898   -0.00317885 -0.00850378 0.000362898 -0.0205131
0.277698    0.0654629   0.0157776   0.0210732     0.0654629   0.289205    -0.0336437  0.0734213     0.0157776   -0.0336437  0.253079    -0.0205131    0.0210732   0.0734213   -0.0205131  0.274482


    Hamiltonian Matrix BA:    < psi_{i1,B} <psi_{i2,A} | V_e-e | psi_{i3,B} <psi_{i4,A} >

HijkBA: {{{{0.2490877946, 0.05869711152, 0.001754898017, 0.02238517904}, {0.05869711152, 0.02449052134, 0.003635029076, 0.01124441725}, {0.00176230308, 0.003635029076, -0.001954022892, 0.004310624717}, {0.02238517904, 0.01124441725, 0.004310624717, 0.005579704396}}, {{0.05869711152, 0.2734672529, -0.04437114775, 0.07900221386}, {0.02449052134, 0.06873951532, -0.01347600387, 0.03106054461}, {0.003635029076, 0.008434902196, -0.005386387781, 0.01091308633}, {0.01124441725, 0.0252309951, -0.002467878816, 0.0127020797}}, {{0.001754898017, -0.04437114775, 0.2442932778, -0.03212512395}, {0.003635029076, -0.01347600387, 0.05032572509, -0.0116024339}, {-0.001954022892, -0.005386387781, 0.005094576091, -0.008291310582}, {0.004310624717, -0.002467878816, 0.01405701162, -0.003178846222}}, {{0.02238517904, 0.07900221386, -0.03212512395, 0.2776982438}, {0.01124441725, 0.03106054461, -0.0116024339, 0.06546285654}, {0.004310624717, 0.01091308633, -0.008291310582, 0.0157776028}, {0.005579704396, 0.0127020797, -0.003178846222, 0.0210731965}}}, {{{0.05869711152, 0.02449052134, 0.003635029076, 0.01124441725}, {0.2734672529, 0.06873951532, 0.008434902196, 0.02522523925}, {-0.04437114775, -0.01347586688, -0.005386387781, -0.002467878816}, {0.07900221386, 0.03106061704, 0.01091308633, 0.0127020797}}, {{0.02449052134, 0.06873951532, -0.01347600387, 0.03106054461}, {0.06873951532, 0.2959147721, -0.04268613814, 0.08477202118}, {-0.01347586688, -0.04268613814, 0.004048554534, -0.009995014506}, {0.03106061704, 0.08477202118, -0.009995014506, 0.03358343238}}, {{0.003635029076, -0.01347600387, 0.05032572509, -0.0116024339}, {0.008434902196, -0.04268613814, 0.2564088529, -0.02904721188}, {-0.005386387781, 0.004048554534, -0.03518679726, 0.0002304036066}, {0.01091308633, -0.009995014506, 0.05990955525, -0.00850377732}}, {{0.01124441725, 0.03106054461, -0.0116024339, 0.06546285654}, {0.02522523925, 0.08477202118, -0.02904721188, 0.289205087}, {-0.002467878816, -0.009995014506, 0.0002304036066, -0.03364372199}, {0.0127020797, 0.03358343238, -0.00850377732, 0.07342134773}}}, {{{0.00176230308, 0.003635029076, -0.001954022892, 0.004310624717}, {-0.04437114775, -0.01347586688, -0.005386387781, -0.002467878816}, {0.2442985177, 0.05032572509, 0.005082630876, 0.01405701162}, {-0.03212512395, -0.0116024339, -0.008291376818, -0.003178847329}}, {{0.003635029076, 0.008434902196, -0.005386387781, 0.01091308633}, {-0.01347586688, -0.04268613814, 0.004048554534, -0.009995014506}, {0.05032572509, 0.2564088529, -0.03518679726, 0.05990955525}, {-0.0116024339, -0.02904721188, 0.0002304036066, -0.00850377732}}, {{-0.001954022892, -0.005386387781, 0.005094576091, -0.008291310582}, {-0.005386387781, 0.004048554534, -0.03518679726, 0.0002304036066}, {0.005082630876, -0.03518679726, 0.2355663824, -0.01985354399}, {-0.008291376818, 0.0002304036066, -0.01985354399, 0.0003628976833}}, {{0.004310624717, 0.01091308633, -0.008291310582, 0.0157776028}, {-0.002467878816, -0.009995014506, 0.0002304036066, -0.03364372199}, {0.01405701162, 0.05990955525, -0.01985354399, 0.253079379}, {-0.003178847329, -0.00850377732, 0.0003628976833, -0.02051310762}}}, {{{0.02238517904, 0.01124441725, 0.004310624717, 0.005579704396}, {0.07900221386, 0.03106061704, 0.01091308633, 0.0127020797}, {-0.03212512395, -0.0116024339, -0.008291376818, -0.003178847329}, {0.2776982438, 0.06546285654, 0.0157776028, 0.0210731965}}, {{0.01124441725, 0.02523096466, -0.002467878816, 0.0127020797}, {0.03106061704, 0.08477202118, -0.009995014506, 0.03358343238}, {-0.0116024339, -0.02904721188, 0.0002304036066, -0.00850377732}, {0.06546285654, 0.289205087, -0.03364372199, 0.07342134773}}, {{0.004310624717, -0.002467878816, 0.01405701162, -0.003178846222}, {0.01091308633, -0.009995014506, 0.05990955525, -0.00850377732}, {-0.008291376818, 0.0002304036066, -0.01985354399, 0.0003628976833}, {0.0157776028, -0.03364372199, 0.253079379, -0.02051310762}}, {{0.005579704396, 0.0127020797, -0.003178846222, 0.0210731965}, {0.0127020797, 0.03358343238, -0.00850377732, 0.07342134773}, {-0.003178847329, -0.00850377732, 0.0003628976833, -0.02051310762}, {0.0210731965, 0.07342134773, -0.02051310762, 0.2744819893}}}}
0.249088    0.0586971   0.0017549   0.0223852     0.0586971   0.273467    -0.0443711  0.0790022     0.0017549   -0.0443711  0.244293    -0.0321251    0.0223852   0.0790022   -0.0321251  0.277698
0.0586971   0.0244905   0.00363503  0.0112444     0.0244905   0.0687395   -0.013476   0.0310605     0.00363503  -0.013476   0.0503257   -0.0116024    0.0112444   0.0310605   -0.0116024  0.0654629
0.0017623   0.00363503  -0.00195402 0.00431062    0.00363503  0.0084349   -0.00538639 0.0109131     -0.00195402 -0.00538639 0.00509458  -0.00829131   0.00431062  0.0109131   -0.00829131 0.0157776
0.0223852   0.0112444   0.00431062  0.0055797     0.0112444   0.025231    -0.00246788 0.0127021     0.00431062  -0.00246788 0.014057    -0.00317885   0.0055797   0.0127021   -0.00317885 0.0210732

0.0586971   0.0244905   0.00363503  0.0112444     0.0244905   0.0687395   -0.013476   0.0310605     0.00363503  -0.013476   0.0503257   -0.0116024    0.0112444   0.0310605   -0.0116024  0.0654629
0.273467    0.0687395   0.0084349   0.0252252     0.0687395   0.295915    -0.0426861  0.084772      0.0084349   -0.0426861  0.256409    -0.0290472    0.0252252   0.084772    -0.0290472  0.289205
-0.0443711  -0.0134759  -0.00538639 -0.00246788   -0.0134759  -0.0426861  0.00404855  -0.00999501   -0.00538639 0.00404855  -0.0351868  0.000230404   -0.00246788 -0.00999501 0.000230404 -0.0336437
0.0790022   0.0310606   0.0109131   0.0127021     0.0310606   0.084772    -0.00999501 0.0335834     0.0109131   -0.00999501 0.0599096   -0.00850378   0.0127021   0.0335834   -0.00850378 0.0734213

0.0017623   0.00363503  -0.00195402 0.00431062    0.00363503  0.0084349   -0.00538639 0.0109131     -0.00195402 -0.00538639 0.00509458  -0.00829131   0.00431062  0.0109131   -0.00829131 0.0157776
-0.0443711  -0.0134759  -0.00538639 -0.00246788   -0.0134759  -0.0426861  0.00404855  -0.00999501   -0.00538639 0.00404855  -0.0351868  0.000230404   -0.00246788 -0.00999501 0.000230404 -0.0336437
0.244299    0.0503257   0.00508263  0.014057      0.0503257   0.256409    -0.0351868  0.0599096     0.00508263  -0.0351868  0.235566    -0.0198535    0.014057    0.0599096   -0.0198535  0.253079
-0.0321251  -0.0116024  -0.00829138 -0.00317885   -0.0116024  -0.0290472  0.000230404 -0.00850378   -0.00829138 0.000230404 -0.0198535  0.000362898   -0.00317885 -0.00850378 0.000362898 -0.0205131

0.0223852   0.0112444   0.00431062  0.0055797     0.0112444   0.025231    -0.00246788 0.0127021     0.00431062  -0.00246788 0.014057    -0.00317885   0.0055797   0.0127021   -0.00317885 0.0210732
0.0790022   0.0310606   0.0109131   0.0127021     0.0310606   0.084772    -0.00999501 0.0335834     0.0109131   -0.00999501 0.0599096   -0.00850378   0.0127021   0.0335834   -0.00850378 0.0734213
-0.0321251  -0.0116024  -0.00829138 -0.00317885   -0.0116024  -0.0290472  0.000230404 -0.00850378   -0.00829138 0.000230404 -0.0198535  0.000362898   -0.00317885 -0.00850378 0.000362898 -0.0205131
0.277698    0.0654629   0.0157776   0.0210732     0.0654629   0.289205    -0.0336437  0.0734213     0.0157776   -0.0336437  0.253079    -0.0205131    0.0210732   0.0734213   -0.0205131  0.274482


Energy:  {1.574064673}


Coefficients: {{0.999985898, 0.003945924872, -0.00171541577, 0.003112994705}, {0.999985898, 0.003945924872, -0.00171541577, 0.003112994705}}


r2: {2.866784715, 2.866784715}
r2f: {2.858699035}


r3: {5.962672612, 5.962672612}
r3f: {5.93746167}


alpha: {3.645503655, 3.645503655}
alphaf: {3.63009}




~~~XDM (a1=0.65, a2=3.17474)~~~

M1^2: {2.8587769, 2.8587769}
M1f^2: {2.858699035}

M2^2: {13.62113251, 13.62113251}
M2f^2: {13.62026696}

M3^2: {90.86113698, 90.86113698}
M3f^2: {90.85123601}

C6XDM: {{5.210840819, 5.210840819}, {5.210840819, 5.210840819}}
C6XDMf: {5.18866739}

C8XDM: {{74.4838325, 74.4838325}, {74.4838325, 74.4838325}}
C8XDMf: {74.16419231}

C10XDM: {{1159.316594, 1159.316594}, {1159.316594, 1159.316594}}
C10XDMf: {1154.293572}

EXDMC6: {-0.001272176026}
EXDMC8: {-0.001136530816}
EXDMC10: {-0.001105607696}

EXDMBJC6: {-0.0001375917617}
EXDMBJC8: {-0.00006435844075}
EXDMBJC10: {-0.00003190153431}

EXDM: {-0.003514314538}
EXDMBJ: {-0.0002338517368}




~~~TS (dTS=20, sR=0.62)~~~

C6TS: {{5.232823938, 5.232823938}, {5.232823938, 5.232823938}}
C6TSf: {5.18866739}

ETS: {-0.00127754299}
ETSWY: {-0.0008766152141}




~~~MBD~~~

 alpha: {3.669394586, 3.669394586}
  C6ii: {5.276220648, 5.276220648}
 omega: {0.5224838298, 0.5224838298}
lambda: {0.3040202844, 0.2886253096, 0.2886253096, 0.2573533952, 0.2573533952, 0.2419584203}
Energy: {-0.001276270909}

~~~MBD@rsSCS (drsSCS=6, sR=0.62)~~~

 alpha: {3.64972598, 3.64972598}
  C6ii: {5.240676984, 5.240676984}
 omega: {0.5245726103, 0.5245726103}
lambda: {0.2927018849, 0.2839391542, 0.2839391542, 0.2664136927, 0.2664136927, 0.257650962}
Energy: {-0.0003993345108}




~~~MBDFree1~~~

 alpha: {3.653692643, 3.653692643}
  C6ii: {5.231348982, 5.231348982}
 omega: {0.5225025421, 0.5225025421}
lambda: {0.3039144591, 0.2885794099, 0.2885794099, 0.2574384032, 0.2574384032, 0.2421033539}
Energy: {-0.001265686022}

~~~MBDFree1@rsSCS (drsSCS=6, sR=0.62)~~~

 alpha: {3.63426611, 3.63426611}
  C6ii: {5.196397436, 5.196397436}
 omega: {0.5245750708, 0.5245750708}
lambda: {0.292630394, 0.2839046995, 0.2839046995, 0.2664533104, 0.2664533104, 0.2577276158}
Energy: {-0.0003959572605}




~~~MBDFree2~~~

 alpha: {3.653692643, 3.653692643}
  C6ii: {5.275868758, 5.275868758}
 omega: {0.5269491383, 0.5269491383}
lambda: {0.3091092095, 0.2935120413, 0.2935120413, 0.2618387474, 0.2618387474, 0.2462415792}
Energy: {-0.001276457251}

~~~MBDFree2@rsSCS (drsSCS=6, sR=0.62)~~~

 alpha: {3.63426611, 3.63426611}
  C6ii: {5.240619768, 5.240619768}
 omega: {0.5290393046, 0.5290393046}
lambda: {0.2976322681, 0.2887574269, 0.2887574269, 0.2710077447, 0.2710077447, 0.2621329035}
Energy: {-0.0003993269322}




~~~MBD@XDM1~~~

 alpha: {3.661585511, 3.661585511}
  C6ii: {5.25388082, 5.25388082}
 omega: {0.5224931388, 0.5224931388}
lambda: {0.3039676727, 0.2886024873, 0.2886024873, 0.2573956728, 0.2573956728, 0.2420304874}
Energy: {-0.001271001977}

~~~MBD@XDM1@rsSCS (drsSCS=6, sR=0.62)~~~

 alpha: {3.642037521, 3.642037521}
  C6ii: {5.218632534, 5.218632534}
 omega: {0.5245738325, 0.5245738325}
lambda: {0.2926663299, 0.2839220178, 0.2839220178, 0.2664333937, 0.2664333937, 0.2576890817}
Energy: {-0.0003976531493}




~~~MBD@XDM2~~~

 alpha: {3.669394586, 3.669394586}
  C6ii: {5.254055219, 5.254055219}
 omega: {0.5202888726, 0.5202888726}
lambda: {0.3014712685, 0.2862053707, 0.2862053707, 0.2551956513, 0.2551956513, 0.2399297535}
Energy: {-0.001270909289}

~~~MBD@XDM2@rsSCS (drsSCS=6, sR=0.62)~~~

 alpha: {3.64972598, 3.64972598}
  C6ii: {5.218660875, 5.218660875}
 omega: {0.5223688782, 0.5223688782}
lambda: {0.2902477666, 0.2815585057, 0.2815585057, 0.2641799841, 0.2641799841, 0.2554907232}
Energy: {-0.0003976569046}




    ENERGY MATRIX: {Non-Interacting, Electron-Nuclear, Electron-Electron, Nuclear-Nuclear, Total Energy}
Oscillator 1 Energy: {0.7875214395, -0.2506342845, 0.1251452128, 0.1249999688, 0.7870323365}
Oscillator 2 Energy: {0.7875214395, -0.2506342845, 0.1251452128, 0.1249999688, 0.7870323365}
Energy Totals: {1.575042879, -0.5012685691, 0.2502904256, 0.2499999375, 1.574064673}


    COEFFICIENT MATRIX: {c1, c2, c5, c6, c11, c14}
Oscillator 1 Cs: {0.999985898, 0.003945924872, -0.00171541577, 0.003112994705}
Oscillator 2 Cs: {0.999985898, 0.003945924872, -0.00171541577, 0.003112994705}


    GENERAL RESULTS: {R, E, r2, r2f, r3, r3f, alpha, alphaf}
Oscillator 1 General Results: {4.000001, 1.574064673, 2.866784715, 2.858699035, 5.962672612, 5.93746167, 3.645503655, 3.63009}
Oscillator 2 General Results: {4.000001, 1.574064673, 2.866784715, 2.858699035, 5.962672612, 5.93746167, 3.645503655, 3.63009}


    XDM RESULTS: {M1^2, M1f^2, M2^2, M2f^2, M3^2, M3f^2, C6XDMii, C6XDMij, C6XDMf, C8XDMii, C8XDMij, C8XDMf, C10XDMii, C10XDMij, C10XDMf, EXDMC6, EXDMC8, EXDMC10, EXDMBJC6, EXDMBJC8, EXDMBJC10, EXDM, EXDMBJ}
Oscillator 1 XDM Results: {2.8587769, 2.858699035, 13.62113251, 13.62026696, 90.86113698, 90.85123601, 5.210840819, {{5.210840819, 5.210840819}, {5.210840819, 5.210840819}}, 5.18866739, 74.4838325, {{74.4838325, 74.4838325}, {74.4838325, 74.4838325}}, 74.16419231, 1159.316594, {{1159.316594, 1159.316594}, {1159.316594, 1159.316594}}, 1154.293572, -0.001272176026, -0.001136530816, -0.001105607696, -0.0001375917617, -0.00006435844075, -0.00003190153431, -0.003514314538, -0.0002338517368}
Oscillator 2 XDM Results: {2.8587769, 2.858699035, 13.62113251, 13.62026696, 90.86113698, 90.85123601, 5.210840819, {{5.210840819, 5.210840819}, {5.210840819, 5.210840819}}, 5.18866739, 74.4838325, {{74.4838325, 74.4838325}, {74.4838325, 74.4838325}}, 74.16419231, 1159.316594, {{1159.316594, 1159.316594}, {1159.316594, 1159.316594}}, 1154.293572, -0.001272176026, -0.001136530816, -0.001105607696, -0.0001375917617, -0.00006435844075, -0.00003190153431, -0.003514314538, -0.0002338517368}


    TS RESULTS: {C6TSii, C6TSij, C6TSf, ETS, ETSWY}
Oscillator 1 TS Results: {5.232823938, {{5.232823938, 5.232823938}, {5.232823938, 5.232823938}}, 5.18866739, -0.00127754299, -0.0008766152141}
Oscillator 2 TS Results: {5.232823938, {{5.232823938, 5.232823938}, {5.232823938, 5.232823938}}, 5.18866739, -0.00127754299, -0.0008766152141}


    MBD RESULTS: {MBD_alpha, MBD_C6, MBD_omega, MBD_Energy, MBDF1_alpha, MBDF1_C6, MBDF1_omega, MBDF1_Energy, MBDF2_alpha, MBDF2_C6, MBDF2_omega, MBDF2_Energy, MBDX1_alpha, MBDX1_C6, MBDX1_omega, MBDX1_Energy, MBDX2_alpha, MBDX2_C6, MBDX2_omega, MBDX2_Energy}
Oscillator 1 MBD Results: {3.669394586, 5.276220648, 0.5224838298, -0.001276270909, 3.653692643, 5.231348982, 0.5225025421, -0.001265686022, 3.653692643, 5.275868758, 0.5269491383, -0.001276457251, 3.661585511, 5.25388082, 0.5224931388, -0.001271001977, 3.669394586, 5.254055219, 0.5202888726, -0.001270909289}
Oscillator 2 MBD Results: {3.669394586, 5.276220648, 0.5224838298, -0.001276270909, 3.653692643, 5.231348982, 0.5225025421, -0.001265686022, 3.653692643, 5.275868758, 0.5269491383, -0.001276457251, 3.661585511, 5.25388082, 0.5224931388, -0.001271001977, 3.669394586, 5.254055219, 0.5202888726, -0.001270909289}


    MBDRSSCS RESULTS: {MBDrsSCS_alpha, MBDrsSCS_C6, MBDrsSCS_omega, MBDrsSCS_Energy, MBDF1rsSCS_alpha, MBDF1rsSCS_C6, MBDF1rsSCS_omega, MBDF1rsSCS_Energy, MBDF2rsSCS_alpha, MBDF2rsSCS_C6, MBDF2rsSCS_omega, MBDF2rsSCS_Energy, MBDX1rsSCS_alpha, MBDX1rsSCS_C6, MBDX1rsSCS_omega, MBDX1rsSCS_Energy, MBDX2rsSCS_alpha, MBDX2rsSCS_C6, MBDX2rsSCS_omega, MBDX2rsSCS_Energy}
Oscillator 1 MBDrsSCS Results: {3.64972598, 5.240676984, 0.5245726103, -0.0003993345108, 3.63426611, 5.196397436, 0.5245750708, -0.0003959572605, 3.63426611, 5.240619768, 0.5290393046, -0.0003993269322, 3.642037521, 5.218632534, 0.5245738325, -0.0003976531493, 3.64972598, 5.218660875, 0.5223688782, -0.0003976569046}
Oscillator 2 MBDrsSCS Results: {3.64972598, 5.240676984, 0.5245726103, -0.0003993345108, 3.63426611, 5.196397436, 0.5245750708, -0.0003959572605, 3.63426611, 5.240619768, 0.5290393046, -0.0003993269322, 3.642037521, 5.218632534, 0.5245738325, -0.0003976531493, 3.64972598, 5.218660875, 0.5223688782, -0.0003976569046}


         {R, Energy}
SUMMARY: {4.000001, 1.574064673}