Oscillators N=2 2022-12-24  w=0.525000 a=3.63009.nb ( N = 2, M = 4 )
~~~~~~~~~~~~~~~~~~~~~~~~~~~~~~~~~~~~~~
Run Commenced: Wed 28 Dec 2022 02:05:47
Run Completed: Wed 28 Dec 2022 02:22:14
Time Elapsed: 00:16:27

Oscillators Used: 2
Wavefunctions Used: 4
Internuclear Separation: 3.5
omega: 0.525
nu : 0.262357

For display purposes, the threshold of Hamiltonian matrix elements has been set to: 10^-6.


    Hamiltonian Matrix A:    < psi_{i,A} | H_k | psi_{j,A} >
    H_1 = T_kin,    H_2 = V_pot,    H_3 = V_1-B,    H_4 = V_A-B

HijkA: {{{0.39375, 0.39375, -0.2856180224, 0.2857142041}, {0., 0., -0.07929173223, 0.}, {0.3214955287, -0.3214955287, -0.0005392663536, 0.}, {0., 0., -0.03754134626, 0.}}, {{0., 0., -0.07929173223, 0.}, {0.65625, 0.65625, -0.3285267602, 0.2857142041}, {0., 0., 0.06280790731, 0.}, {0., 0., -0.120235136, 0.}}, {{0.3214955287, -0.3214955287, -0.0005392663536, 0.}, {0., 0., 0.06280790731, 0.}, {0.91875, 0.91875, -0.2825677114, 0.2857142041}, {0., 0., 0.05730225358, 0.}}, {{0., 0., -0.03754134626, 0.}, {0., 0., -0.120235136, 0.}, {0., 0., 0.05730225358, 0.}, {0.91875, 0.91875, -0.3514533003, 0.2857142041}}}
0.39375        0.             0.321496       0.
0.39375        0.             -0.321496      0.
-0.285618      -0.0792917     -0.000539266   -0.0375413
0.285714       0.             0.             0.

0.             0.65625        0.             0.
0.             0.65625        0.             0.
-0.0792917     -0.328527      0.0628079      -0.120235
0.             0.285714       0.             0.

0.321496       0.             0.91875        0.
-0.321496      0.             0.91875        0.
-0.000539266   0.0628079      -0.282568      0.0573023
0.             0.             0.285714       0.

0.             0.             0.             0.91875
0.             0.             0.             0.91875
-0.0375413     -0.120235      0.0573023      -0.351453
0.             0.             0.             0.285714


    Hamiltonian Matrix B:    < psi_{i,B} | H_k | psi_{j,B} >
    H_1 = T_kin,    H_2 = V_pot,    H_3 = V_2-A,    H_4 = V_B-A 

HijkB: {{{0.39375, 0.39375, -0.2856180224, 0.2857142041}, {0., 0., -0.07929173223, 0.}, {0.3214955287, -0.3214955287, -0.0005392663536, 0.}, {0., 0., -0.03754134626, 0.}}, {{0., 0., -0.07929173223, 0.}, {0.65625, 0.65625, -0.3285267602, 0.2857142041}, {0., 0., 0.06280790731, 0.}, {0., 0., -0.120235136, 0.}}, {{0.3214955287, -0.3214955287, -0.0005392663536, 0.}, {0., 0., 0.06280790731, 0.}, {0.91875, 0.91875, -0.2825677114, 0.2857142041}, {0., 0., 0.05730225358, 0.}}, {{0., 0., -0.03754134626, 0.}, {0., 0., -0.120235136, 0.}, {0., 0., 0.05730225358, 0.}, {0.91875, 0.91875, -0.3514533003, 0.2857142041}}}
0.39375        0.             0.321496       0.
0.39375        0.             -0.321496      0.
-0.285618      -0.0792917     -0.000539266   -0.0375413
0.285714       0.             0.             0.

0.             0.65625        0.             0.
0.             0.65625        0.             0.
-0.0792917     -0.328527      0.0628079      -0.120235
0.             0.285714       0.             0.

0.321496       0.             0.91875        0.
-0.321496      0.             0.91875        0.
-0.000539266   0.0628079      -0.282568      0.0573023
0.             0.             0.285714       0.

0.             0.             0.             0.91875
0.             0.             0.             0.91875
-0.0375413     -0.120235      0.0573023      -0.351453
0.             0.             0.             0.285714


    Hamiltonian Matrix AB:    < psi_{i1,A} <psi_{i2,B} | V_e-e | psi_{i3,A} <psi_{i4,B} >

HijkAB: {{{{0.2825522375, 0.07242773104, 0.004671462195, 0.02828756651}, {0.07242773104, 0.02886990757, 0.008511752409, 0.01170958291}, {0.004670848365, 0.008511752409, -0.003357105301, 0.0088255326}, {0.02828756651, 0.01170958291, 0.0088255326, 0.004661546455}}, {{0.07242773104, 0.3112846878, -0.05060251115, 0.09521933963}, {0.02886990757, 0.07893733428, -0.01070214712, 0.03147954206}, {0.008511752409, 0.01753456906, -0.009478481646, 0.02077958173}, {0.01170958291, 0.02648310788, 0.001404852073, 0.009866255977}}, {{0.004671462195, -0.05060251115, 0.2715736623, -0.0375489594}, {0.008511752409, -0.01070214712, 0.0560149741, -0.008151824281}, {-0.003357105301, -0.009478481646, 0.00859021725, -0.01345728837}, {0.0088255326, 0.001404852073, 0.0148471909, -0.00007455900435}}, {{0.02828756651, 0.09521933963, -0.0375489594, 0.3120382827}, {0.01170958291, 0.03147954206, -0.008151824281, 0.06837851199}, {0.0088255326, 0.02077958173, -0.01345728837, 0.02768726504}, {0.004661546455, 0.009866255977, -0.00007455900435, 0.01827869748}}}, {{{0.07242773104, 0.02886990757, 0.008511752409, 0.01170958291}, {0.3112846878, 0.07893733428, 0.01753456906, 0.02648320546}, {-0.05060251115, -0.01071847133, -0.009478481646, 0.001404852073}, {0.09521933963, 0.03147954206, 0.02077958173, 0.009866255977}}, {{0.02886990757, 0.07893733428, -0.01070214712, 0.03147954206}, {0.07893733428, 0.3277328361, -0.04138440019, 0.08958701797}, {-0.01071847133, -0.04138435043, 0.0005769021877, -0.002998207492}, {0.03147954206, 0.08958701797, -0.002998207492, 0.02692605424}}, {{0.008511752409, -0.01070214712, 0.0560149741, -0.008151824281}, {0.01753456906, -0.04138440019, 0.281820402, -0.02652049192}, {-0.009478481646, 0.0005769021877, -0.03817870233, -0.003522273585}, {0.02077958173, -0.002998207492, 0.06627011134, -0.002604039749}}, {{0.01170958291, 0.03147954206, -0.008151824281, 0.06837851199}, {0.02648320546, 0.08958701797, -0.02652049192, 0.3104890055}, {0.001404852073, -0.002998207492, -0.003522273585, -0.02974416542}, {0.009866255977, 0.02692605424, -0.002604039749, 0.07070661051}}}, {{{0.004670848365, 0.008511752409, -0.003357105301, 0.0088255326}, {-0.05060251115, -0.01071847133, -0.009478481646, 0.001404852073}, {0.2715556958, 0.0560149741, 0.008576966337, 0.0148471909}, {-0.0375489594, -0.008151824281, -0.01345728837, -0.00007468796193}}, {{0.008511752409, 0.01753456906, -0.009478481646, 0.02077958173}, {-0.01071847133, -0.04138435043, 0.0005769021877, -0.002998207492}, {0.0560149741, 0.281820402, -0.03817870233, 0.06627011134}, {-0.008151824281, -0.02652049192, -0.003522273585, -0.002604039749}}, {{-0.003357105301, -0.009478481646, 0.00859021725, -0.01345728837}, {-0.009478481646, 0.0005769021877, -0.03817870233, -0.003522273585}, {0.008576966337, -0.03817870233, 0.2582691156, -0.02142674406}, {-0.01345728837, -0.003522273585, -0.02142674406, -0.001797158077}}, {{0.0088255326, 0.02077958173, -0.01345728837, 0.02768726504}, {0.001404852073, -0.002998207492, -0.003522273585, -0.02974416542}, {0.0148471909, 0.06627011134, -0.02142674406, 0.2775185154}, {-0.00007468796193, -0.002604039749, -0.001797158077, -0.01702684233}}}, {{{0.02828756651, 0.01170958291, 0.0088255326, 0.004661546455}, {0.09521933963, 0.03147954206, 0.02077958173, 0.009866255977}, {-0.0375489594, -0.008151824281, -0.01345728837, -0.00007468796193}, {0.3120382827, 0.06837851199, 0.02768729719, 0.01827869748}}, {{0.01170958291, 0.02648308495, 0.001404852073, 0.009866255977}, {0.03147954206, 0.08958701797, -0.002998207492, 0.02692605424}, {-0.008151824281, -0.02652049192, -0.003522273585, -0.002604039749}, {0.06837851199, 0.3104890055, -0.02974416542, 0.07070661051}}, {{0.0088255326, 0.001404852073, 0.0148471909, -0.00007455900435}, {0.02077958173, -0.002998207492, 0.06627011134, -0.002604039749}, {-0.01345728837, -0.003522273585, -0.02142674406, -0.001797158077}, {0.02768729719, -0.02974416542, 0.2775185154, -0.01702684233}}, {{0.004661546455, 0.009866255977, -0.00007455900435, 0.01827869748}, {0.009866255977, 0.02692605424, -0.002604039749, 0.07070661051}, {-0.00007468796193, -0.002604039749, -0.001797158077, -0.01702684233}, {0.01827869748, 0.07070661051, -0.01702684233, 0.2892139834}}}}
0.282552     0.0724277    0.00467146   0.0282876      0.0724277    0.311285     -0.0506025   0.0952193      0.00467146   -0.0506025   0.271574     -0.037549      0.0282876    0.0952193    -0.037549    0.312038
0.0724277    0.0288699    0.00851175   0.0117096      0.0288699    0.0789373    -0.0107021   0.0314795      0.00851175   -0.0107021   0.056015     -0.00815182    0.0117096    0.0314795    -0.00815182  0.0683785
0.00467085   0.00851175   -0.00335711  0.00882553     0.00851175   0.0175346    -0.00947848  0.0207796      -0.00335711  -0.00947848  0.00859022   -0.0134573     0.00882553   0.0207796    -0.0134573   0.0276873
0.0282876    0.0117096    0.00882553   0.00466155     0.0117096    0.0264831    0.00140485   0.00986626     0.00882553   0.00140485   0.0148472    -0.000074559   0.00466155   0.00986626   -0.000074559 0.0182787

0.0724277    0.0288699    0.00851175   0.0117096      0.0288699    0.0789373    -0.0107021   0.0314795      0.00851175   -0.0107021   0.056015     -0.00815182    0.0117096    0.0314795    -0.00815182  0.0683785
0.311285     0.0789373    0.0175346    0.0264832      0.0789373    0.327733     -0.0413844   0.089587       0.0175346    -0.0413844   0.28182      -0.0265205     0.0264832    0.089587     -0.0265205   0.310489
-0.0506025   -0.0107185   -0.00947848  0.00140485     -0.0107185   -0.0413844   0.000576902  -0.00299821    -0.00947848  0.000576902  -0.0381787   -0.00352227    0.00140485   -0.00299821  -0.00352227  -0.0297442
0.0952193    0.0314795    0.0207796    0.00986626     0.0314795    0.089587     -0.00299821  0.0269261      0.0207796    -0.00299821  0.0662701    -0.00260404    0.00986626   0.0269261    -0.00260404  0.0707066

0.00467085   0.00851175   -0.00335711  0.00882553     0.00851175   0.0175346    -0.00947848  0.0207796      -0.00335711  -0.00947848  0.00859022   -0.0134573     0.00882553   0.0207796    -0.0134573   0.0276873
-0.0506025   -0.0107185   -0.00947848  0.00140485     -0.0107185   -0.0413844   0.000576902  -0.00299821    -0.00947848  0.000576902  -0.0381787   -0.00352227    0.00140485   -0.00299821  -0.00352227  -0.0297442
0.271556     0.056015     0.00857697   0.0148472      0.056015     0.28182      -0.0381787   0.0662701      0.00857697   -0.0381787   0.258269     -0.0214267     0.0148472    0.0662701    -0.0214267   0.277519
-0.037549    -0.00815182  -0.0134573   -0.000074688   -0.00815182  -0.0265205   -0.00352227  -0.00260404    -0.0134573   -0.00352227  -0.0214267   -0.00179716    -0.000074688 -0.00260404  -0.00179716  -0.0170268

0.0282876    0.0117096    0.00882553   0.00466155     0.0117096    0.0264831    0.00140485   0.00986626     0.00882553   0.00140485   0.0148472    -0.000074559   0.00466155   0.00986626   -0.000074559 0.0182787
0.0952193    0.0314795    0.0207796    0.00986626     0.0314795    0.089587     -0.00299821  0.0269261      0.0207796    -0.00299821  0.0662701    -0.00260404    0.00986626   0.0269261    -0.00260404  0.0707066
-0.037549    -0.00815182  -0.0134573   -0.000074688   -0.00815182  -0.0265205   -0.00352227  -0.00260404    -0.0134573   -0.00352227  -0.0214267   -0.00179716    -0.000074688 -0.00260404  -0.00179716  -0.0170268
0.312038     0.0683785    0.0276873    0.0182787      0.0683785    0.310489     -0.0297442   0.0707066      0.0276873    -0.0297442   0.277519     -0.0170268     0.0182787    0.0707066    -0.0170268   0.289214


    Hamiltonian Matrix BA:    < psi_{i1,B} <psi_{i2,A} | V_e-e | psi_{i3,B} <psi_{i4,A} >

HijkBA: {{{{0.2825522375, 0.07242773104, 0.004671462195, 0.02828756651}, {0.07242773104, 0.02886990757, 0.008511752409, 0.01170958291}, {0.004670848365, 0.008511752409, -0.003357105301, 0.0088255326}, {0.02828756651, 0.01170958291, 0.0088255326, 0.004661546455}}, {{0.07242773104, 0.3112846878, -0.05060251115, 0.09521933963}, {0.02886990757, 0.07893733428, -0.01070214712, 0.03147954206}, {0.008511752409, 0.01753456906, -0.009478481646, 0.02077958173}, {0.01170958291, 0.02648310788, 0.001404852073, 0.009866255977}}, {{0.004671462195, -0.05060251115, 0.2715736623, -0.0375489594}, {0.008511752409, -0.01070214712, 0.0560149741, -0.008151824281}, {-0.003357105301, -0.009478481646, 0.00859021725, -0.01345728837}, {0.0088255326, 0.001404852073, 0.0148471909, -0.00007455900435}}, {{0.02828756651, 0.09521933963, -0.0375489594, 0.3120382827}, {0.01170958291, 0.03147954206, -0.008151824281, 0.06837851199}, {0.0088255326, 0.02077958173, -0.01345728837, 0.02768726504}, {0.004661546455, 0.009866255977, -0.00007455900435, 0.01827869748}}}, {{{0.07242773104, 0.02886990757, 0.008511752409, 0.01170958291}, {0.3112846878, 0.07893733428, 0.01753456906, 0.02648320546}, {-0.05060251115, -0.01071847133, -0.009478481646, 0.001404852073}, {0.09521933963, 0.03147954206, 0.02077958173, 0.009866255977}}, {{0.02886990757, 0.07893733428, -0.01070214712, 0.03147954206}, {0.07893733428, 0.3277328361, -0.04138440019, 0.08958701797}, {-0.01071847133, -0.04138435043, 0.0005769021877, -0.002998207492}, {0.03147954206, 0.08958701797, -0.002998207492, 0.02692605424}}, {{0.008511752409, -0.01070214712, 0.0560149741, -0.008151824281}, {0.01753456906, -0.04138440019, 0.281820402, -0.02652049192}, {-0.009478481646, 0.0005769021877, -0.03817870233, -0.003522273585}, {0.02077958173, -0.002998207492, 0.06627011134, -0.002604039749}}, {{0.01170958291, 0.03147954206, -0.008151824281, 0.06837851199}, {0.02648320546, 0.08958701797, -0.02652049192, 0.3104890055}, {0.001404852073, -0.002998207492, -0.003522273585, -0.02974416542}, {0.009866255977, 0.02692605424, -0.002604039749, 0.07070661051}}}, {{{0.004670848365, 0.008511752409, -0.003357105301, 0.0088255326}, {-0.05060251115, -0.01071847133, -0.009478481646, 0.001404852073}, {0.2715556958, 0.0560149741, 0.008576966337, 0.0148471909}, {-0.0375489594, -0.008151824281, -0.01345728837, -0.00007468796193}}, {{0.008511752409, 0.01753456906, -0.009478481646, 0.02077958173}, {-0.01071847133, -0.04138435043, 0.0005769021877, -0.002998207492}, {0.0560149741, 0.281820402, -0.03817870233, 0.06627011134}, {-0.008151824281, -0.02652049192, -0.003522273585, -0.002604039749}}, {{-0.003357105301, -0.009478481646, 0.00859021725, -0.01345728837}, {-0.009478481646, 0.0005769021877, -0.03817870233, -0.003522273585}, {0.008576966337, -0.03817870233, 0.2582691156, -0.02142674406}, {-0.01345728837, -0.003522273585, -0.02142674406, -0.001797158077}}, {{0.0088255326, 0.02077958173, -0.01345728837, 0.02768726504}, {0.001404852073, -0.002998207492, -0.003522273585, -0.02974416542}, {0.0148471909, 0.06627011134, -0.02142674406, 0.2775185154}, {-0.00007468796193, -0.002604039749, -0.001797158077, -0.01702684233}}}, {{{0.02828756651, 0.01170958291, 0.0088255326, 0.004661546455}, {0.09521933963, 0.03147954206, 0.02077958173, 0.009866255977}, {-0.0375489594, -0.008151824281, -0.01345728837, -0.00007468796193}, {0.3120382827, 0.06837851199, 0.02768729719, 0.01827869748}}, {{0.01170958291, 0.02648308495, 0.001404852073, 0.009866255977}, {0.03147954206, 0.08958701797, -0.002998207492, 0.02692605424}, {-0.008151824281, -0.02652049192, -0.003522273585, -0.002604039749}, {0.06837851199, 0.3104890055, -0.02974416542, 0.07070661051}}, {{0.0088255326, 0.001404852073, 0.0148471909, -0.00007455900435}, {0.02077958173, -0.002998207492, 0.06627011134, -0.002604039749}, {-0.01345728837, -0.003522273585, -0.02142674406, -0.001797158077}, {0.02768729719, -0.02974416542, 0.2775185154, -0.01702684233}}, {{0.004661546455, 0.009866255977, -0.00007455900435, 0.01827869748}, {0.009866255977, 0.02692605424, -0.002604039749, 0.07070661051}, {-0.00007468796193, -0.002604039749, -0.001797158077, -0.01702684233}, {0.01827869748, 0.07070661051, -0.01702684233, 0.2892139834}}}}
0.282552     0.0724277    0.00467146   0.0282876      0.0724277    0.311285     -0.0506025   0.0952193      0.00467146   -0.0506025   0.271574     -0.037549      0.0282876    0.0952193    -0.037549    0.312038
0.0724277    0.0288699    0.00851175   0.0117096      0.0288699    0.0789373    -0.0107021   0.0314795      0.00851175   -0.0107021   0.056015     -0.00815182    0.0117096    0.0314795    -0.00815182  0.0683785
0.00467085   0.00851175   -0.00335711  0.00882553     0.00851175   0.0175346    -0.00947848  0.0207796      -0.00335711  -0.00947848  0.00859022   -0.0134573     0.00882553   0.0207796    -0.0134573   0.0276873
0.0282876    0.0117096    0.00882553   0.00466155     0.0117096    0.0264831    0.00140485   0.00986626     0.00882553   0.00140485   0.0148472    -0.000074559   0.00466155   0.00986626   -0.000074559 0.0182787

0.0724277    0.0288699    0.00851175   0.0117096      0.0288699    0.0789373    -0.0107021   0.0314795      0.00851175   -0.0107021   0.056015     -0.00815182    0.0117096    0.0314795    -0.00815182  0.0683785
0.311285     0.0789373    0.0175346    0.0264832      0.0789373    0.327733     -0.0413844   0.089587       0.0175346    -0.0413844   0.28182      -0.0265205     0.0264832    0.089587     -0.0265205   0.310489
-0.0506025   -0.0107185   -0.00947848  0.00140485     -0.0107185   -0.0413844   0.000576902  -0.00299821    -0.00947848  0.000576902  -0.0381787   -0.00352227    0.00140485   -0.00299821  -0.00352227  -0.0297442
0.0952193    0.0314795    0.0207796    0.00986626     0.0314795    0.089587     -0.00299821  0.0269261      0.0207796    -0.00299821  0.0662701    -0.00260404    0.00986626   0.0269261    -0.00260404  0.0707066

0.00467085   0.00851175   -0.00335711  0.00882553     0.00851175   0.0175346    -0.00947848  0.0207796      -0.00335711  -0.00947848  0.00859022   -0.0134573     0.00882553   0.0207796    -0.0134573   0.0276873
-0.0506025   -0.0107185   -0.00947848  0.00140485     -0.0107185   -0.0413844   0.000576902  -0.00299821    -0.00947848  0.000576902  -0.0381787   -0.00352227    0.00140485   -0.00299821  -0.00352227  -0.0297442
0.271556     0.056015     0.00857697   0.0148472      0.056015     0.28182      -0.0381787   0.0662701      0.00857697   -0.0381787   0.258269     -0.0214267     0.0148472    0.0662701    -0.0214267   0.277519
-0.037549    -0.00815182  -0.0134573   -0.000074688   -0.00815182  -0.0265205   -0.00352227  -0.00260404    -0.0134573   -0.00352227  -0.0214267   -0.00179716    -0.000074688 -0.00260404  -0.00179716  -0.0170268

0.0282876    0.0117096    0.00882553   0.00466155     0.0117096    0.0264831    0.00140485   0.00986626     0.00882553   0.00140485   0.0148472    -0.000074559   0.00466155   0.00986626   -0.000074559 0.0182787
0.0952193    0.0314795    0.0207796    0.00986626     0.0314795    0.089587     -0.00299821  0.0269261      0.0207796    -0.00299821  0.0662701    -0.00260404    0.00986626   0.0269261    -0.00260404  0.0707066
-0.037549    -0.00815182  -0.0134573   -0.000074688   -0.00815182  -0.0265205   -0.00352227  -0.00260404    -0.0134573   -0.00352227  -0.0214267   -0.00179716    -0.000074688 -0.00260404  -0.00179716  -0.0170268
0.312038     0.0683785    0.0276873    0.0182787      0.0683785    0.310489     -0.0297442   0.0707066      0.0276873    -0.0297442   0.277519     -0.0170268     0.0182787    0.0707066    -0.0170268   0.289214


Energy:  {1.57165183}


Coefficients: {{0.9998707594, 0.01230403193, -0.004681532056, 0.009228138239}, {0.9998707594, 0.01230403193, -0.004681532056, 0.009228138239}}


r2: {2.881247352, 2.881247352}
r2f: {2.858699035}


r3: {6.007876478, 6.007876478}
r3f: {5.93746167}


alpha: {3.673140735, 3.673140735}
alphaf: {3.63009}




~~~XDM (a1=0.65, a2=3.17474)~~~

M1^2: {2.859396102, 2.859396102}
M1f^2: {2.858699035}

M2^2: {13.62791875, 13.62791875}
M2f^2: {13.62026696}

M3^2: {90.93799989, 90.93799989}
M3f^2: {90.85123601}

C6XDM: {{5.251482149, 5.251482149}, {5.251482149, 5.251482149}}
C6XDMf: {5.18866739}

C8XDM: {{75.08589524, 75.08589524}, {75.08589524, 75.08589524}}
C8XDMf: {74.16419231}

C10XDM: {{1169.060629, 1169.060629}, {1169.060629, 1169.060629}}
C10XDMf: {1154.293572}

EXDMC6: {-0.002856754255}
EXDMC8: {-0.003334364056}
EXDMC10: {-0.004237945333}

EXDMBJC6: {-0.0001473998121}
EXDMBJC8: {-0.00006734820867}
EXDMBJC10: {-0.00003284692158}

EXDM: {-0.01042906364}
EXDMBJ: {-0.0002475949423}




~~~TS (dTS=20, sR=0.62)~~~

C6TS: {{5.312466248, 5.312466248}, {5.312466248, 5.312466248}}
C6TSf: {5.18866739}

ETS: {-0.002889929001}
ETSWY: {-0.0003888712975}




~~~MBD~~~

 alpha: {3.72178213, 3.72178213}
  C6ii: {5.40486354, 5.40486354}
 omega: {0.5202613666, 0.5202613666}
lambda: {0.3156627081, 0.2940190787, 0.2940190787, 0.2473247005, 0.2473247005, 0.2256810711}
Energy: {-0.002782481924}

~~~MBD@rsSCS (drsSCS=6, sR=0.62)~~~

 alpha: {3.690256203, 3.690256203}
  C6ii: {5.346032847, 5.346032847}
 omega: {0.5234284466, 0.5234284466}
lambda: {0.2911409724, 0.2825591556, 0.2825591556, 0.2653955219, 0.2653955219, 0.2568137051}
Energy: {-0.0003855208064}




~~~MBDFree1~~~

 alpha: {3.677287986, 3.677287986}
  C6ii: {5.277137473, 5.277137473}
 omega: {0.5203335854, 0.5203335854}
lambda: {0.3152877406, 0.2938281415, 0.2938281415, 0.2476659387, 0.2476659387, 0.2262063396}
Energy: {-0.002722907061}

~~~MBDFree1@rsSCS (drsSCS=6, sR=0.62)~~~

 alpha: {3.646760311, 3.646760311}
  C6ii: {5.220899278, 5.220899278}
 omega: {0.5234432601, 0.5234432601}
lambda: {0.2909551379, 0.2824739922, 0.2824739922, 0.2655117009, 0.2655117009, 0.2570305552}
Energy: {-0.0003764888561}




~~~MBDFree2~~~

 alpha: {3.677287986, 3.677287986}
  C6ii: {5.40304718, 5.40304718}
 omega: {0.5327484694, 0.5327484694}
lambda: {0.3305124231, 0.3080165782, 0.3080165782, 0.259625285, 0.259625285, 0.2371294401}
Energy: {-0.002787874183}

~~~MBDFree2@rsSCS (drsSCS=6, sR=0.62)~~~

 alpha: {3.646760311, 3.646760311}
  C6ii: {5.345467171, 5.345467171}
 omega: {0.5359323393, 0.5359323393}
lambda: {0.3050048424, 0.2961141573, 0.2961141573, 0.2783327872, 0.2783327872, 0.2694421022}
Energy: {-0.000385471681}




~~~MBD@XDM1~~~

 alpha: {3.699927126, 3.699927126}
  C6ii: {5.341936395, 5.341936395}
 omega: {0.5202967448, 0.5202967448}
lambda: {0.3154788319, 0.2939252442, 0.2939252442, 0.2474921611, 0.2474921611, 0.2259385734}
Energy: {-0.002753172426}

~~~MBD@XDM1@rsSCS (drsSCS=6, sR=0.62)~~~

 alpha: {3.66889362, 3.66889362}
  C6ii: {5.284389172, 5.284389172}
 omega: {0.523435642, 0.523435642}
lambda: {0.2910496153, 0.2825172433, 0.2825172433, 0.2654524993, 0.2654524993, 0.2569201274}
Energy: {-0.0003810714111}




~~~MBD@XDM2~~~

 alpha: {3.72178213, 3.72178213}
  C6ii: {5.342818773, 5.342818773}
 omega: {0.5142890613, 0.5142890613}
lambda: {0.3084570477, 0.2873074793, 0.2873074793, 0.2416789978, 0.2416789978, 0.2205294294}
Energy: {-0.00275054061}

~~~MBD@XDM2@rsSCS (drsSCS=6, sR=0.62)~~~

 alpha: {3.690256203, 3.690256203}
  C6ii: {5.284663422, 5.284663422}
 omega: {0.517419785, 0.517419785}
lambda: {0.2844950717, 0.2761091528, 0.2761091528, 0.259337315, 0.259337315, 0.250951396}
Energy: {-0.0003810952462}




    ENERGY MATRIX: {Non-Interacting, Electron-Nuclear, Electron-Electron, Nuclear-Nuclear, Total Energy}
Oscillator 1 Energy: {0.7876919084, -0.2883082477, 0.143585152, 0.142857102, 0.7858259148}
Oscillator 2 Energy: {0.7876919084, -0.2883082477, 0.143585152, 0.142857102, 0.7858259148}
Energy Totals: {1.575383817, -0.5766164954, 0.2871703041, 0.2857142041, 1.57165183}


    COEFFICIENT MATRIX: {c1, c2, c5, c6, c11, c14}
Oscillator 1 Cs: {0.9998707594, 0.01230403193, -0.004681532056, 0.009228138239}
Oscillator 2 Cs: {0.9998707594, 0.01230403193, -0.004681532056, 0.009228138239}


    GENERAL RESULTS: {R, E, r2, r2f, r3, r3f, alpha, alphaf}
Oscillator 1 General Results: {3.500001, 1.57165183, 2.881247352, 2.858699035, 6.007876478, 5.93746167, 3.673140735, 3.63009}
Oscillator 2 General Results: {3.500001, 1.57165183, 2.881247352, 2.858699035, 6.007876478, 5.93746167, 3.673140735, 3.63009}


    XDM RESULTS: {M1^2, M1f^2, M2^2, M2f^2, M3^2, M3f^2, C6XDMii, C6XDMij, C6XDMf, C8XDMii, C8XDMij, C8XDMf, C10XDMii, C10XDMij, C10XDMf, EXDMC6, EXDMC8, EXDMC10, EXDMBJC6, EXDMBJC8, EXDMBJC10, EXDM, EXDMBJ}
Oscillator 1 XDM Results: {2.859396102, 2.858699035, 13.62791875, 13.62026696, 90.93799989, 90.85123601, 5.251482149, {{5.251482149, 5.251482149}, {5.251482149, 5.251482149}}, 5.18866739, 75.08589524, {{75.08589524, 75.08589524}, {75.08589524, 75.08589524}}, 74.16419231, 1169.060629, {{1169.060629, 1169.060629}, {1169.060629, 1169.060629}}, 1154.293572, -0.002856754255, -0.003334364056, -0.004237945333, -0.0001473998121, -0.00006734820867, -0.00003284692158, -0.01042906364, -0.0002475949423}
Oscillator 2 XDM Results: {2.859396102, 2.858699035, 13.62791875, 13.62026696, 90.93799989, 90.85123601, 5.251482149, {{5.251482149, 5.251482149}, {5.251482149, 5.251482149}}, 5.18866739, 75.08589524, {{75.08589524, 75.08589524}, {75.08589524, 75.08589524}}, 74.16419231, 1169.060629, {{1169.060629, 1169.060629}, {1169.060629, 1169.060629}}, 1154.293572, -0.002856754255, -0.003334364056, -0.004237945333, -0.0001473998121, -0.00006734820867, -0.00003284692158, -0.01042906364, -0.0002475949423}


    TS RESULTS: {C6TSii, C6TSij, C6TSf, ETS, ETSWY}
Oscillator 1 TS Results: {5.312466248, {{5.312466248, 5.312466248}, {5.312466248, 5.312466248}}, 5.18866739, -0.002889929001, -0.0003888712975}
Oscillator 2 TS Results: {5.312466248, {{5.312466248, 5.312466248}, {5.312466248, 5.312466248}}, 5.18866739, -0.002889929001, -0.0003888712975}


    MBD RESULTS: {MBD_alpha, MBD_C6, MBD_omega, MBD_Energy, MBDF1_alpha, MBDF1_C6, MBDF1_omega, MBDF1_Energy, MBDF2_alpha, MBDF2_C6, MBDF2_omega, MBDF2_Energy, MBDX1_alpha, MBDX1_C6, MBDX1_omega, MBDX1_Energy, MBDX2_alpha, MBDX2_C6, MBDX2_omega, MBDX2_Energy}
Oscillator 1 MBD Results: {3.72178213, 5.40486354, 0.5202613666, -0.002782481924, 3.677287986, 5.277137473, 0.5203335854, -0.002722907061, 3.677287986, 5.40304718, 0.5327484694, -0.002787874183, 3.699927126, 5.341936395, 0.5202967448, -0.002753172426, 3.72178213, 5.342818773, 0.5142890613, -0.00275054061}
Oscillator 2 MBD Results: {3.72178213, 5.40486354, 0.5202613666, -0.002782481924, 3.677287986, 5.277137473, 0.5203335854, -0.002722907061, 3.677287986, 5.40304718, 0.5327484694, -0.002787874183, 3.699927126, 5.341936395, 0.5202967448, -0.002753172426, 3.72178213, 5.342818773, 0.5142890613, -0.00275054061}


    MBDRSSCS RESULTS: {MBDrsSCS_alpha, MBDrsSCS_C6, MBDrsSCS_omega, MBDrsSCS_Energy, MBDF1rsSCS_alpha, MBDF1rsSCS_C6, MBDF1rsSCS_omega, MBDF1rsSCS_Energy, MBDF2rsSCS_alpha, MBDF2rsSCS_C6, MBDF2rsSCS_omega, MBDF2rsSCS_Energy, MBDX1rsSCS_alpha, MBDX1rsSCS_C6, MBDX1rsSCS_omega, MBDX1rsSCS_Energy, MBDX2rsSCS_alpha, MBDX2rsSCS_C6, MBDX2rsSCS_omega, MBDX2rsSCS_Energy}
Oscillator 1 MBDrsSCS Results: {3.690256203, 5.346032847, 0.5234284466, -0.0003855208064, 3.646760311, 5.220899278, 0.5234432601, -0.0003764888561, 3.646760311, 5.345467171, 0.5359323393, -0.000385471681, 3.66889362, 5.284389172, 0.523435642, -0.0003810714111, 3.690256203, 5.284663422, 0.517419785, -0.0003810952462}
Oscillator 2 MBDrsSCS Results: {3.690256203, 5.346032847, 0.5234284466, -0.0003855208064, 3.646760311, 5.220899278, 0.5234432601, -0.0003764888561, 3.646760311, 5.345467171, 0.5359323393, -0.000385471681, 3.66889362, 5.284389172, 0.523435642, -0.0003810714111, 3.690256203, 5.284663422, 0.517419785, -0.0003810952462}


         {R, Energy}
SUMMARY: {3.500001, 1.57165183}