Oscillators N=2 2022-12-24  w=0.525000 a=3.63009.nb ( N = 2, M = 4 )
~~~~~~~~~~~~~~~~~~~~~~~~~~~~~~~~~~~~~~
Run Commenced: Tue 27 Dec 2022 20:10:53
Run Completed: Tue 27 Dec 2022 23:52:00
Time Elapsed: 03:41:06

Oscillators Used: 2
Wavefunctions Used: 4
Internuclear Separation: 1.4
omega: 0.525
nu : 0.262357

For display purposes, the threshold of Hamiltonian matrix elements has been set to: 10^-6.


    Hamiltonian Matrix A:    < psi_{i,A} | H_k | psi_{j,A} >
    H_1 = T_kin,    H_2 = V_pot,    H_3 = V_1-B,    H_4 = V_A-B

HijkA: {{{0.39375, 0.39375, -0.6060568066, 0.7142852041}, {0., 0., -0.2187978743, 0.}, {0.3214955287, -0.3214955287, -0.1193148366, 0.}, {0., 0., -0.0955035881, 0.}}, {{0., 0., -0.2187978743, 0.}, {0.65625, 0.65625, -0.6189146811, 0.7142852041}, {0., 0., 0.007528332048, 0.}, {0., 0., -0.2104193888, 0.}}, {{0.3214955287, -0.3214955287, -0.1193148366, 0.}, {0., 0., 0.007528332048, 0.}, {0.91875, 0.91875, -0.4571558094, 0.7142852041}, {0., 0., 0.01426535633, 0.}}, {{0., 0., -0.0955035881, 0.}, {0., 0., -0.2104193888, 0.}, {0., 0., 0.01426535633, 0.}, {0.91875, 0.91875, -0.5113797199, 0.7142852041}}}
0.39375      0.           0.321496     0.
0.39375      0.           -0.321496    0.
-0.606057    -0.218798    -0.119315    -0.0955036
0.714285     0.           0.           0.

0.           0.65625      0.           0.
0.           0.65625      0.           0.
-0.218798    -0.618915    0.00752833   -0.210419
0.           0.714285     0.           0.

0.321496     0.           0.91875      0.
-0.321496    0.           0.91875      0.
-0.119315    0.00752833   -0.457156    0.0142654
0.           0.           0.714285     0.

0.           0.           0.           0.91875
0.           0.           0.           0.91875
-0.0955036   -0.210419    0.0142654    -0.51138
0.           0.           0.           0.714285


    Hamiltonian Matrix B:    < psi_{i,B} | H_k | psi_{j,B} >
    H_1 = T_kin,    H_2 = V_pot,    H_3 = V_2-A,    H_4 = V_B-A 

HijkB: {{{0.39375, 0.39375, -0.6060568066, 0.7142852041}, {0., 0., -0.2187978743, 0.}, {0.3214955287, -0.3214955287, -0.1193148366, 0.}, {0., 0., -0.0955035881, 0.}}, {{0., 0., -0.2187978743, 0.}, {0.65625, 0.65625, -0.6189146811, 0.7142852041}, {0., 0., 0.007528332048, 0.}, {0., 0., -0.2104193888, 0.}}, {{0.3214955287, -0.3214955287, -0.1193148366, 0.}, {0., 0., 0.007528332048, 0.}, {0.91875, 0.91875, -0.4571558094, 0.7142852041}, {0., 0., 0.01426535633, 0.}}, {{0., 0., -0.0955035881, 0.}, {0., 0., -0.2104193888, 0.}, {0., 0., 0.01426535633, 0.}, {0.91875, 0.91875, -0.5113797199, 0.7142852041}}}
0.39375      0.           0.321496     0.
0.39375      0.           -0.321496    0.
-0.606057    -0.218798    -0.119315    -0.0955036
0.714285     0.           0.           0.

0.           0.65625      0.           0.
0.           0.65625      0.           0.
-0.218798    -0.618915    0.00752833   -0.210419
0.           0.714285     0.           0.

0.321496     0.           0.91875      0.
-0.321496    0.           0.91875      0.
-0.119315    0.00752833   -0.457156    0.0142654
0.           0.           0.714285     0.

0.           0.           0.           0.91875
0.           0.           0.           0.91875
-0.0955036   -0.210419    0.0142654    -0.51138
0.           0.           0.           0.714285


    Hamiltonian Matrix AB:    < psi_{i1,A} <psi_{i2,B} | V_e-e | psi_{i3,A} <psi_{i4,B} >

HijkAB: {{{{0.4937246418, 0.1032244256, 0.07111833332, 0.02422468328}, {0.1032244256, -0.0299444144, 0.05145828034, -0.02150965518}, {0.07110371618, 0.05145828034, 0.02858940223, 0.02112792965}, {0.02422468328, -0.02150965518, 0.02112792965, 0.005015728312}}, {{0.1032244256, 0.4629677433, -0.0331416915, 0.09698702244}, {-0.0299444144, 0.03650011093, 0.02574738358, -0.04692403342}, {0.05145828034, 0.0724152727, -0.0001174961877, 0.04453840478}, {-0.02150965518, 0.01273160123, 0.003260331851, -0.006829964077}}, {{0.07111833332, -0.0331416915, 0.4063879502, -0.01860991721}, {0.05145828034, 0.02574738358, 0.0612275982, 0.02168740962}, {0.02858940223, -0.0001174961877, 0.04100568957, -0.008684021987}, {0.02112792965, 0.003260331851, 0.01529794939, -0.008252000667}}, {{0.02422468328, 0.09698702244, -0.01860991721, 0.4106237588}, {-0.02150965518, -0.04692403342, 0.02168740962, 0.0128234964}, {0.02112792965, 0.04453840478, -0.008684021987, 0.04822850644}, {0.005015728312, -0.006829964077, -0.008252000667, 0.01207685371}}}, {{{0.1032244256, -0.0299444144, 0.05145828034, -0.02150965518}, {0.4629677433, 0.03650011093, 0.0724152727, 0.01271736725}, {-0.0331416915, 0.02570670499, -0.0001174961877, 0.003260331851}, {0.09698702244, -0.04692403342, 0.04453840478, -0.006829964077}}, {{-0.0299444144, 0.03650011093, 0.02574738358, -0.04692403342}, {0.03650011093, 0.4191461688, -0.02903721536, 0.05276308282}, {0.02570670499, -0.02903721536, -0.005636881769, 0.01777441537}, {-0.04692403342, 0.05276308282, 0.01777441537, -0.04726624416}}, {{0.05145828034, 0.02574738358, 0.0612275982, 0.02168740962}, {0.0724152727, -0.02903721536, 0.3909133755, -0.02062223992}, {-0.0001174961877, -0.005636881769, -0.02050917352, -0.005080388782}, {0.04453840478, 0.01777441537, 0.06085343457, 0.01113398682}}, {{-0.02150965518, -0.04692403342, 0.02168740962, 0.0128234964}, {0.01271736725, 0.05276308282, -0.02062223992, 0.3851775659}, {0.003260331851, 0.01777441537, -0.005080388782, -0.02747033002}, {-0.006829964077, -0.04726624416, 0.01113398682, 0.02459971081}}}, {{{0.07110371618, 0.05145828034, 0.02858940223, 0.02112792965}, {-0.0331416915, 0.02570670499, -0.0001174961877, 0.003260331851}, {0.4064798235, 0.0612275982, 0.04100457299, 0.01529794939}, {-0.01860991721, 0.02168740962, -0.008684021987, -0.008280118244}}, {{0.05145828034, 0.0724152727, -0.0001174961877, 0.04453840478}, {0.02570670499, -0.02903721536, -0.005636881769, 0.01777441537}, {0.0612275982, 0.3909133755, -0.02050917352, 0.06085343457}, {0.02168740962, -0.02062223992, -0.005080388782, 0.01113398682}}, {{0.02858940223, -0.0001174961877, 0.04100443863, -0.008684021987}, {-0.0001174961877, -0.005636881769, -0.02050917352, -0.005080388782}, {0.04100454797, -0.02050917352, 0.3511743213, -0.005985126921}, {-0.008684021987, -0.005080388782, -0.005985126921, 0.008036608957}}, {{0.02112792965, 0.04453840478, -0.008684021987, 0.04822850644}, {0.003260331851, 0.01777441537, -0.005080388782, -0.02747033002}, {0.01529794939, 0.06085343457, -0.005985126921, 0.357142486}, {-0.008280118244, 0.01113398682, 0.008036608957, -0.0133943012}}}, {{{0.02422468328, -0.02150965518, 0.02112792965, 0.005015728312}, {0.09698702244, -0.04692403342, 0.04453840478, -0.006829964077}, {-0.01860991721, 0.02168740962, -0.008684021987, -0.008280118244}, {0.4106237588, 0.0128250369, 0.04822850644, 0.01207685371}}, {{-0.02150965518, 0.01273437954, 0.003260331851, -0.006829964077}, {-0.04692403342, 0.05276308282, 0.01777441537, -0.04726624416}, {0.02168740962, -0.02062223992, -0.005080388782, 0.01113398682}, {0.0128250369, 0.3851775659, -0.02747033002, 0.02459971081}}, {{0.02112792965, 0.003260331851, 0.01529794939, -0.008252000667}, {0.04453840478, 0.01777441537, 0.06085343457, 0.01113398682}, {-0.008684021987, -0.005080388782, -0.005985126921, 0.008036608957}, {0.04822850644, -0.02747033002, 0.357142486, -0.0133943012}}, {{0.005015728312, -0.006829964077, -0.008252000667, 0.01207685371}, {-0.006829964077, -0.04726624416, 0.01113398682, 0.02459971081}, {-0.008280118244, 0.01113398682, 0.008036608957, -0.0133943012}, {0.01207685371, 0.02459971081, -0.0133943012, 0.3540685504}}}}
0.493725     0.103224     0.0711183    0.0242247      0.103224     0.462968     -0.0331417   0.096987       0.0711183    -0.0331417   0.406388     -0.0186099     0.0242247    0.096987     -0.0186099   0.410624
0.103224     -0.0299444   0.0514583    -0.0215097     -0.0299444   0.0365001    0.0257474    -0.046924      0.0514583    0.0257474    0.0612276    0.0216874      -0.0215097   -0.046924    0.0216874    0.0128235
0.0711037    0.0514583    0.0285894    0.0211279      0.0514583    0.0724153    -0.000117496 0.0445384      0.0285894    -0.000117496 0.0410057    -0.00868402    0.0211279    0.0445384    -0.00868402  0.0482285
0.0242247    -0.0215097   0.0211279    0.00501573     -0.0215097   0.0127316    0.00326033   -0.00682996    0.0211279    0.00326033   0.0152979    -0.008252      0.00501573   -0.00682996  -0.008252    0.0120769

0.103224     -0.0299444   0.0514583    -0.0215097     -0.0299444   0.0365001    0.0257474    -0.046924      0.0514583    0.0257474    0.0612276    0.0216874      -0.0215097   -0.046924    0.0216874    0.0128235
0.462968     0.0365001    0.0724153    0.0127174      0.0365001    0.419146     -0.0290372   0.0527631      0.0724153    -0.0290372   0.390913     -0.0206222     0.0127174    0.0527631    -0.0206222   0.385178
-0.0331417   0.0257067    -0.000117496 0.00326033     0.0257067    -0.0290372   -0.00563688  0.0177744      -0.000117496 -0.00563688  -0.0205092   -0.00508039    0.00326033   0.0177744    -0.00508039  -0.0274703
0.096987     -0.046924    0.0445384    -0.00682996    -0.046924    0.0527631    0.0177744    -0.0472662     0.0445384    0.0177744    0.0608534    0.011134       -0.00682996  -0.0472662   0.011134     0.0245997

0.0711037    0.0514583    0.0285894    0.0211279      0.0514583    0.0724153    -0.000117496 0.0445384      0.0285894    -0.000117496 0.0410044    -0.00868402    0.0211279    0.0445384    -0.00868402  0.0482285
-0.0331417   0.0257067    -0.000117496 0.00326033     0.0257067    -0.0290372   -0.00563688  0.0177744      -0.000117496 -0.00563688  -0.0205092   -0.00508039    0.00326033   0.0177744    -0.00508039  -0.0274703
0.40648      0.0612276    0.0410046    0.0152979      0.0612276    0.390913     -0.0205092   0.0608534      0.0410045    -0.0205092   0.351174     -0.00598513    0.0152979    0.0608534    -0.00598513  0.357142
-0.0186099   0.0216874    -0.00868402  -0.00828012    0.0216874    -0.0206222   -0.00508039  0.011134       -0.00868402  -0.00508039  -0.00598513  0.00803661     -0.00828012  0.011134     0.00803661   -0.0133943

0.0242247    -0.0215097   0.0211279    0.00501573     -0.0215097   0.0127344    0.00326033   -0.00682996    0.0211279    0.00326033   0.0152979    -0.008252      0.00501573   -0.00682996  -0.008252    0.0120769
0.096987     -0.046924    0.0445384    -0.00682996    -0.046924    0.0527631    0.0177744    -0.0472662     0.0445384    0.0177744    0.0608534    0.011134       -0.00682996  -0.0472662   0.011134     0.0245997
-0.0186099   0.0216874    -0.00868402  -0.00828012    0.0216874    -0.0206222   -0.00508039  0.011134       -0.00868402  -0.00508039  -0.00598513  0.00803661     -0.00828012  0.011134     0.00803661   -0.0133943
0.410624     0.012825     0.0482285    0.0120769      0.012825     0.385178     -0.0274703   0.0245997      0.0482285    -0.0274703   0.357142     -0.0133943     0.0120769    0.0245997    -0.0133943   0.354069


    Hamiltonian Matrix BA:    < psi_{i1,B} <psi_{i2,A} | V_e-e | psi_{i3,B} <psi_{i4,A} >

HijkBA: {{{{0.4937246418, 0.1032244256, 0.07111833332, 0.02422468328}, {0.1032244256, -0.0299444144, 0.05145828034, -0.02150965518}, {0.07110371618, 0.05145828034, 0.02858940223, 0.02112792965}, {0.02422468328, -0.02150965518, 0.02112792965, 0.005015728312}}, {{0.1032244256, 0.4629677433, -0.0331416915, 0.09698702244}, {-0.0299444144, 0.03650011093, 0.02574738358, -0.04692403342}, {0.05145828034, 0.0724152727, -0.0001174961877, 0.04453840478}, {-0.02150965518, 0.01273160123, 0.003260331851, -0.006829964077}}, {{0.07111833332, -0.0331416915, 0.4063879502, -0.01860991721}, {0.05145828034, 0.02574738358, 0.0612275982, 0.02168740962}, {0.02858940223, -0.0001174961877, 0.04100568957, -0.008684021987}, {0.02112792965, 0.003260331851, 0.01529794939, -0.008252000667}}, {{0.02422468328, 0.09698702244, -0.01860991721, 0.4106237588}, {-0.02150965518, -0.04692403342, 0.02168740962, 0.0128234964}, {0.02112792965, 0.04453840478, -0.008684021987, 0.04822850644}, {0.005015728312, -0.006829964077, -0.008252000667, 0.01207685371}}}, {{{0.1032244256, -0.0299444144, 0.05145828034, -0.02150965518}, {0.4629677433, 0.03650011093, 0.0724152727, 0.01271736725}, {-0.0331416915, 0.02570670499, -0.0001174961877, 0.003260331851}, {0.09698702244, -0.04692403342, 0.04453840478, -0.006829964077}}, {{-0.0299444144, 0.03650011093, 0.02574738358, -0.04692403342}, {0.03650011093, 0.4191461688, -0.02903721536, 0.05276308282}, {0.02570670499, -0.02903721536, -0.005636881769, 0.01777441537}, {-0.04692403342, 0.05276308282, 0.01777441537, -0.04726624416}}, {{0.05145828034, 0.02574738358, 0.0612275982, 0.02168740962}, {0.0724152727, -0.02903721536, 0.3909133755, -0.02062223992}, {-0.0001174961877, -0.005636881769, -0.02050917352, -0.005080388782}, {0.04453840478, 0.01777441537, 0.06085343457, 0.01113398682}}, {{-0.02150965518, -0.04692403342, 0.02168740962, 0.0128234964}, {0.01271736725, 0.05276308282, -0.02062223992, 0.3851775659}, {0.003260331851, 0.01777441537, -0.005080388782, -0.02747033002}, {-0.006829964077, -0.04726624416, 0.01113398682, 0.02459971081}}}, {{{0.07110371618, 0.05145828034, 0.02858940223, 0.02112792965}, {-0.0331416915, 0.02570670499, -0.0001174961877, 0.003260331851}, {0.4064798235, 0.0612275982, 0.04100457299, 0.01529794939}, {-0.01860991721, 0.02168740962, -0.008684021987, -0.008280118244}}, {{0.05145828034, 0.0724152727, -0.0001174961877, 0.04453840478}, {0.02570670499, -0.02903721536, -0.005636881769, 0.01777441537}, {0.0612275982, 0.3909133755, -0.02050917352, 0.06085343457}, {0.02168740962, -0.02062223992, -0.005080388782, 0.01113398682}}, {{0.02858940223, -0.0001174961877, 0.04100443863, -0.008684021987}, {-0.0001174961877, -0.005636881769, -0.02050917352, -0.005080388782}, {0.04100454797, -0.02050917352, 0.3511743213, -0.005985126921}, {-0.008684021987, -0.005080388782, -0.005985126921, 0.008036608957}}, {{0.02112792965, 0.04453840478, -0.008684021987, 0.04822850644}, {0.003260331851, 0.01777441537, -0.005080388782, -0.02747033002}, {0.01529794939, 0.06085343457, -0.005985126921, 0.357142486}, {-0.008280118244, 0.01113398682, 0.008036608957, -0.0133943012}}}, {{{0.02422468328, -0.02150965518, 0.02112792965, 0.005015728312}, {0.09698702244, -0.04692403342, 0.04453840478, -0.006829964077}, {-0.01860991721, 0.02168740962, -0.008684021987, -0.008280118244}, {0.4106237588, 0.0128250369, 0.04822850644, 0.01207685371}}, {{-0.02150965518, 0.01273437954, 0.003260331851, -0.006829964077}, {-0.04692403342, 0.05276308282, 0.01777441537, -0.04726624416}, {0.02168740962, -0.02062223992, -0.005080388782, 0.01113398682}, {0.0128250369, 0.3851775659, -0.02747033002, 0.02459971081}}, {{0.02112792965, 0.003260331851, 0.01529794939, -0.008252000667}, {0.04453840478, 0.01777441537, 0.06085343457, 0.01113398682}, {-0.008684021987, -0.005080388782, -0.005985126921, 0.008036608957}, {0.04822850644, -0.02747033002, 0.357142486, -0.0133943012}}, {{0.005015728312, -0.006829964077, -0.008252000667, 0.01207685371}, {-0.006829964077, -0.04726624416, 0.01113398682, 0.02459971081}, {-0.008280118244, 0.01113398682, 0.008036608957, -0.0133943012}, {0.01207685371, 0.02459971081, -0.0133943012, 0.3540685504}}}}
0.493725     0.103224     0.0711183    0.0242247      0.103224     0.462968     -0.0331417   0.096987       0.0711183    -0.0331417   0.406388     -0.0186099     0.0242247    0.096987     -0.0186099   0.410624
0.103224     -0.0299444   0.0514583    -0.0215097     -0.0299444   0.0365001    0.0257474    -0.046924      0.0514583    0.0257474    0.0612276    0.0216874      -0.0215097   -0.046924    0.0216874    0.0128235
0.0711037    0.0514583    0.0285894    0.0211279      0.0514583    0.0724153    -0.000117496 0.0445384      0.0285894    -0.000117496 0.0410057    -0.00868402    0.0211279    0.0445384    -0.00868402  0.0482285
0.0242247    -0.0215097   0.0211279    0.00501573     -0.0215097   0.0127316    0.00326033   -0.00682996    0.0211279    0.00326033   0.0152979    -0.008252      0.00501573   -0.00682996  -0.008252    0.0120769

0.103224     -0.0299444   0.0514583    -0.0215097     -0.0299444   0.0365001    0.0257474    -0.046924      0.0514583    0.0257474    0.0612276    0.0216874      -0.0215097   -0.046924    0.0216874    0.0128235
0.462968     0.0365001    0.0724153    0.0127174      0.0365001    0.419146     -0.0290372   0.0527631      0.0724153    -0.0290372   0.390913     -0.0206222     0.0127174    0.0527631    -0.0206222   0.385178
-0.0331417   0.0257067    -0.000117496 0.00326033     0.0257067    -0.0290372   -0.00563688  0.0177744      -0.000117496 -0.00563688  -0.0205092   -0.00508039    0.00326033   0.0177744    -0.00508039  -0.0274703
0.096987     -0.046924    0.0445384    -0.00682996    -0.046924    0.0527631    0.0177744    -0.0472662     0.0445384    0.0177744    0.0608534    0.011134       -0.00682996  -0.0472662   0.011134     0.0245997

0.0711037    0.0514583    0.0285894    0.0211279      0.0514583    0.0724153    -0.000117496 0.0445384      0.0285894    -0.000117496 0.0410044    -0.00868402    0.0211279    0.0445384    -0.00868402  0.0482285
-0.0331417   0.0257067    -0.000117496 0.00326033     0.0257067    -0.0290372   -0.00563688  0.0177744      -0.000117496 -0.00563688  -0.0205092   -0.00508039    0.00326033   0.0177744    -0.00508039  -0.0274703
0.40648      0.0612276    0.0410046    0.0152979      0.0612276    0.390913     -0.0205092   0.0608534      0.0410045    -0.0205092   0.351174     -0.00598513    0.0152979    0.0608534    -0.00598513  0.357142
-0.0186099   0.0216874    -0.00868402  -0.00828012    0.0216874    -0.0206222   -0.00508039  0.011134       -0.00868402  -0.00508039  -0.00598513  0.00803661     -0.00828012  0.011134     0.00803661   -0.0133943

0.0242247    -0.0215097   0.0211279    0.00501573     -0.0215097   0.0127344    0.00326033   -0.00682996    0.0211279    0.00326033   0.0152979    -0.008252      0.00501573   -0.00682996  -0.008252    0.0120769
0.096987     -0.046924    0.0445384    -0.00682996    -0.046924    0.0527631    0.0177744    -0.0472662     0.0445384    0.0177744    0.0608534    0.011134       -0.00682996  -0.0472662   0.011134     0.0245997
-0.0186099   0.0216874    -0.00868402  -0.00828012    0.0216874    -0.0206222   -0.00508039  0.011134       -0.00868402  -0.00508039  -0.00598513  0.00803661     -0.00828012  0.011134     0.00803661   -0.0133943
0.410624     0.012825     0.0482285    0.0120769      0.012825     0.385178     -0.0274703   0.0245997      0.0482285    -0.0274703   0.357142     -0.0133943     0.0120769    0.0245997    -0.0133943   0.354069


Energy:  {1.478647255}


Coefficients: {{0.9397522967, 0.3197853697, 0.008573925397, 0.1205380688}, {0.9397522967, 0.3197853697, 0.008573925397, 0.1205380688}}


r2: {3.071638044, 3.071638044}
r2f: {2.858699035}


r3: {6.618338691, 6.618338691}
r3f: {5.93746167}


alpha: {4.046369717, 4.046369717}
alphaf: {3.63009}




~~~XDM (a1=0.65, a2=3.17474)~~~

M1^2: {3.218527111, 3.218527111}
M1f^2: {2.858699035}

M2^2: {15.1851252, 15.1851252}
M2f^2: {13.62026696}

M3^2: {116.8834188, 116.8834188}
M3f^2: {90.85123601}

C6XDM: {{6.511675317, 6.511675317}, {6.511675317, 6.511675317}}
C6XDMf: {5.18866739}

C8XDM: {{92.16694612, 92.16694612}, {92.16694612, 92.16694612}}
C8XDMf: {74.16419231}

C10XDM: {{1554.692747, 1554.692747}, {1554.692747, 1554.692747}}
C10XDMf: {1154.293572}

EXDMC6: {-0.8648139022}
EXDMC8: {-6.245229904}
EXDMC10: {-53.74785211}

EXDMBJC6: {-0.0001836615101}
EXDMBJC8: {-0.00007915163666}
EXDMBJC10: {-0.00004064498817}

EXDM: {-60.85789592}
EXDMBJ: {-0.0003034581349}




~~~TS (dTS=20, sR=0.62)~~~

C6TS: {{6.446918358, 6.446918358}, {6.446918358, 6.446918358}}
C6TSf: {5.18866739}

ETS: {-0.8562135473}
ETSWY: {-0.000001984716793}




~~~MBD~~~

 alpha: {3.043851983, 3.043851983}
  C6ii: {4.334505725, 4.334505725}
 omega: {0.6237797303, 0.6237797303}
lambda: {0.5958846551, 0.5958846551, 0.4249231156, 0.3532791883, 0.1823176489, 0.1823176489}
Energy: {-0.04929972453}

~~~MBD@rsSCS (drsSCS=6, sR=0.62)~~~

 alpha: {3.056576083, 3.056576083}
  C6ii: {4.353664283, 4.353664283}
 omega: {0.6213313293, 0.6213313293}
lambda: {0.4032433128, 0.3946479668, 0.3946479668, 0.3774572749, 0.3774572749, 0.3688619289}
Energy: {-0.0002311107826}




~~~MBDFree1~~~

 alpha: {2.797630103, 2.797630103}
  C6ii: {3.644897708, 3.644897708}
 omega: {0.62093122, 0.62093122}
lambda: {0.5836490771, 0.5836490771, 0.4310876648, 0.3400234951, 0.1874620828, 0.1874620828}
Energy: {-0.04601145194}

~~~MBDFree1@rsSCS (drsSCS=6, sR=0.62)~~~

 alpha: {2.807980309, 2.807980309}
  C6ii: {3.657841541, 3.657841541}
 omega: {0.618550993, 0.618550993}
lambda: {0.398256858, 0.3904310945, 0.3904310945, 0.3747795674, 0.3747795674, 0.3669538038}
Energy: {-0.0001941594896}




~~~MBDFree2~~~

 alpha: {2.797630103, 2.797630103}
  C6ii: {4.528784788, 4.528784788}
 omega: {0.7715069361, 0.7715069361}
lambda: {0.9010408484, 0.9010408484, 0.6655156505, 0.5249302545, 0.2894050565, 0.2894050565}
Energy: {-0.05716922128}

~~~MBDFree2@rsSCS (drsSCS=6, sR=0.62)~~~

 alpha: {2.807980309, 2.807980309}
  C6ii: {4.544867498, 4.544867498}
 omega: {0.7685495045, 0.7685495045}
lambda: {0.6148312597, 0.6027498003, 0.6027498003, 0.5785868815, 0.5785868815, 0.5665054221}
Energy: {-0.000241243133}




~~~MBD@XDM1~~~

 alpha: {3.05574277, 3.05574277}
  C6ii: {4.369192776, 4.369192776}
 omega: {0.6238876057, 0.6238876057}
lambda: {0.5964060757, 0.5964060757, 0.4245923722, 0.3538791167, 0.1820654133, 0.1820654133}
Energy: {-0.04945579858}

~~~MBD@XDM1@rsSCS (drsSCS=6, sR=0.62)~~~

 alpha: {3.068582077, 3.068582077}
  C6ii: {4.388678517, 4.388678517}
 omega: {0.6214368708, 0.6214368708}
lambda: {0.4034478637, 0.3948158241, 0.3948158241, 0.3775517448, 0.3775517448, 0.3689197052}
Energy: {-0.0002329703386}




~~~MBD@XDM2~~~

 alpha: {3.043851983, 3.043851983}
  C6ii: {4.378044265, 4.378044265}
 omega: {0.6300453717, 0.6300453717}
lambda: {0.6079156677, 0.6079156677, 0.4335023856, 0.3604119553, 0.1859986732, 0.1859986732}
Energy: {-0.0497949224}

~~~MBD@XDM2@rsSCS (drsSCS=6, sR=0.62)~~~

 alpha: {3.056576083, 3.056576083}
  C6ii: {4.397395264, 4.397395264}
 omega: {0.6275723775, 0.6275723775}
lambda: {0.4113848639, 0.4026159764, 0.4026159764, 0.3850782015, 0.3850782015, 0.376309314}
Energy: {-0.0002334322067}




    ENERGY MATRIX: {Non-Interacting, Electron-Nuclear, Electron-Electron, Nuclear-Nuclear, Total Energy}
Oscillator 1 Energy: {0.8565209935, -0.7772012452, 0.3028612773, 0.357142602, 0.7393236277}
Oscillator 2 Energy: {0.8565209935, -0.7772012452, 0.3028612773, 0.357142602, 0.7393236277}
Energy Totals: {1.713041987, -1.55440249, 0.6057225547, 0.7142852041, 1.478647255}


    COEFFICIENT MATRIX: {c1, c2, c5, c6, c11, c14}
Oscillator 1 Cs: {0.9397522967, 0.3197853697, 0.008573925397, 0.1205380688}
Oscillator 2 Cs: {0.9397522967, 0.3197853697, 0.008573925397, 0.1205380688}


    GENERAL RESULTS: {R, E, r2, r2f, r3, r3f, alpha, alphaf}
Oscillator 1 General Results: {1.400001, 1.478647255, 3.071638044, 2.858699035, 6.618338691, 5.93746167, 4.046369717, 3.63009}
Oscillator 2 General Results: {1.400001, 1.478647255, 3.071638044, 2.858699035, 6.618338691, 5.93746167, 4.046369717, 3.63009}


    XDM RESULTS: {M1^2, M1f^2, M2^2, M2f^2, M3^2, M3f^2, C6XDMii, C6XDMij, C6XDMf, C8XDMii, C8XDMij, C8XDMf, C10XDMii, C10XDMij, C10XDMf, EXDMC6, EXDMC8, EXDMC10, EXDMBJC6, EXDMBJC8, EXDMBJC10, EXDM, EXDMBJ}
Oscillator 1 XDM Results: {3.218527111, 2.858699035, 15.1851252, 13.62026696, 116.8834188, 90.85123601, 6.511675317, {{6.511675317, 6.511675317}, {6.511675317, 6.511675317}}, 5.18866739, 92.16694612, {{92.16694612, 92.16694612}, {92.16694612, 92.16694612}}, 74.16419231, 1554.692747, {{1554.692747, 1554.692747}, {1554.692747, 1554.692747}}, 1154.293572, -0.8648139022, -6.245229904, -53.74785211, -0.0001836615101, -0.00007915163666, -0.00004064498817, -60.85789592, -0.0003034581349}
Oscillator 2 XDM Results: {3.218527111, 2.858699035, 15.1851252, 13.62026696, 116.8834188, 90.85123601, 6.511675317, {{6.511675317, 6.511675317}, {6.511675317, 6.511675317}}, 5.18866739, 92.16694612, {{92.16694612, 92.16694612}, {92.16694612, 92.16694612}}, 74.16419231, 1554.692747, {{1554.692747, 1554.692747}, {1554.692747, 1554.692747}}, 1154.293572, -0.8648139022, -6.245229904, -53.74785211, -0.0001836615101, -0.00007915163666, -0.00004064498817, -60.85789592, -0.0003034581349}


    TS RESULTS: {C6TSii, C6TSij, C6TSf, ETS, ETSWY}
Oscillator 1 TS Results: {6.446918358, {{6.446918358, 6.446918358}, {6.446918358, 6.446918358}}, 5.18866739, -0.8562135473, -0.000001984716793}
Oscillator 2 TS Results: {6.446918358, {{6.446918358, 6.446918358}, {6.446918358, 6.446918358}}, 5.18866739, -0.8562135473, -0.000001984716793}


    MBD RESULTS: {MBD_alpha, MBD_C6, MBD_omega, MBD_Energy, MBDF1_alpha, MBDF1_C6, MBDF1_omega, MBDF1_Energy, MBDF2_alpha, MBDF2_C6, MBDF2_omega, MBDF2_Energy, MBDX1_alpha, MBDX1_C6, MBDX1_omega, MBDX1_Energy, MBDX2_alpha, MBDX2_C6, MBDX2_omega, MBDX2_Energy}
Oscillator 1 MBD Results: {3.043851983, 4.334505725, 0.6237797303, -0.04929972453, 2.797630103, 3.644897708, 0.62093122, -0.04601145194, 2.797630103, 4.528784788, 0.7715069361, -0.05716922128, 3.05574277, 4.369192776, 0.6238876057, -0.04945579858, 3.043851983, 4.378044265, 0.6300453717, -0.0497949224}
Oscillator 2 MBD Results: {3.043851983, 4.334505725, 0.6237797303, -0.04929972453, 2.797630103, 3.644897708, 0.62093122, -0.04601145194, 2.797630103, 4.528784788, 0.7715069361, -0.05716922128, 3.05574277, 4.369192776, 0.6238876057, -0.04945579858, 3.043851983, 4.378044265, 0.6300453717, -0.0497949224}


    MBDRSSCS RESULTS: {MBDrsSCS_alpha, MBDrsSCS_C6, MBDrsSCS_omega, MBDrsSCS_Energy, MBDF1rsSCS_alpha, MBDF1rsSCS_C6, MBDF1rsSCS_omega, MBDF1rsSCS_Energy, MBDF2rsSCS_alpha, MBDF2rsSCS_C6, MBDF2rsSCS_omega, MBDF2rsSCS_Energy, MBDX1rsSCS_alpha, MBDX1rsSCS_C6, MBDX1rsSCS_omega, MBDX1rsSCS_Energy, MBDX2rsSCS_alpha, MBDX2rsSCS_C6, MBDX2rsSCS_omega, MBDX2rsSCS_Energy}
Oscillator 1 MBDrsSCS Results: {3.056576083, 4.353664283, 0.6213313293, -0.0002311107826, 2.807980309, 3.657841541, 0.618550993, -0.0001941594896, 2.807980309, 4.544867498, 0.7685495045, -0.000241243133, 3.068582077, 4.388678517, 0.6214368708, -0.0002329703386, 3.056576083, 4.397395264, 0.6275723775, -0.0002334322067}
Oscillator 2 MBDrsSCS Results: {3.056576083, 4.353664283, 0.6213313293, -0.0002311107826, 2.807980309, 3.657841541, 0.618550993, -0.0001941594896, 2.807980309, 4.544867498, 0.7685495045, -0.000241243133, 3.068582077, 4.388678517, 0.6214368708, -0.0002329703386, 3.056576083, 4.397395264, 0.6275723775, -0.0002334322067}


         {R, Energy}
SUMMARY: {1.400001, 1.478647255}