Oscillators N=2 2022-12-24  w=0.525000 a=3.63009.nb ( N = 2, M = 4 )
~~~~~~~~~~~~~~~~~~~~~~~~~~~~~~~~~~~~~~
Run Commenced: Tue 27 Dec 2022 19:46:02
Run Completed: Tue 27 Dec 2022 20:10:52
Time Elapsed: 00:24:49

Oscillators Used: 2
Wavefunctions Used: 4
Internuclear Separation: 15.
omega: 0.525
nu : 0.262357

For display purposes, the threshold of Hamiltonian matrix elements has been set to: 10^-6.


    Hamiltonian Matrix A:    < psi_{i,A} | H_k | psi_{j,A} >
    H_1 = T_kin,    H_2 = V_pot,    H_3 = V_1-B,    H_4 = V_A-B

HijkA: {{{0.39375, 0.39375, -0.06666666225, 0.06666666222}, {0., 0., -0.004338514106, 0.}, {0.3214955287, -0.3214955287, 0., 0.}, {0., 0., -0.0004890282459, 0.}}, {{0., 0., -0.004338514106, 0.}, {0.65625, 0.65625, -0.06723134365, 0.06666666222}, {0., 0., 0.003542381944, 0.}, {0., 0., -0.005105159086, 0.}}, {{0.3214955287, -0.3214955287, 0., 0.}, {0., 0., 0.003542381944, 0.}, {0.91875, 0.91875, -0.0666666622, 0.06666666222}, {0., 0., 0.0007985797806, 0.}}, {{0., 0., -0.0004890282459, 0.}, {0., 0., -0.005105159086, 0.}, {0., 0., 0.0007985797806, 0.}, {0.91875, 0.91875, -0.06725286768, 0.06666666222}}}
0.39375        0.             0.321496       0.
0.39375        0.             -0.321496      0.
-0.0666667     -0.00433851    0.             -0.000489028
0.0666667      0.             0.             0.

0.             0.65625        0.             0.
0.             0.65625        0.             0.
-0.00433851    -0.0672313     0.00354238     -0.00510516
0.             0.0666667      0.             0.

0.321496       0.             0.91875        0.
-0.321496      0.             0.91875        0.
0.             0.00354238     -0.0666667     0.00079858
0.             0.             0.0666667      0.

0.             0.             0.             0.91875
0.             0.             0.             0.91875
-0.000489028   -0.00510516    0.00079858     -0.0672529
0.             0.             0.             0.0666667


    Hamiltonian Matrix B:    < psi_{i,B} | H_k | psi_{j,B} >
    H_1 = T_kin,    H_2 = V_pot,    H_3 = V_2-A,    H_4 = V_B-A 

HijkB: {{{0.39375, 0.39375, -0.06666666225, 0.06666666222}, {0., 0., -0.004338514106, 0.}, {0.3214955287, -0.3214955287, 0., 0.}, {0., 0., -0.0004890282459, 0.}}, {{0., 0., -0.004338514106, 0.}, {0.65625, 0.65625, -0.06723134365, 0.06666666222}, {0., 0., 0.003542381944, 0.}, {0., 0., -0.005105159086, 0.}}, {{0.3214955287, -0.3214955287, 0., 0.}, {0., 0., 0.003542381944, 0.}, {0.91875, 0.91875, -0.0666666622, 0.06666666222}, {0., 0., 0.0007985797806, 0.}}, {{0., 0., -0.0004890282459, 0.}, {0., 0., -0.005105159086, 0.}, {0., 0., 0.0007985797806, 0.}, {0.91875, 0.91875, -0.06725286768, 0.06666666222}}}
0.39375        0.             0.321496       0.
0.39375        0.             -0.321496      0.
-0.0666667     -0.00433851    0.             -0.000489028
0.0666667      0.             0.             0.

0.             0.65625        0.             0.
0.             0.65625        0.             0.
-0.00433851    -0.0672313     0.00354238     -0.00510516
0.             0.0666667      0.             0.

0.321496       0.             0.91875        0.
-0.321496      0.             0.91875        0.
0.             0.00354238     -0.0666667     0.00079858
0.             0.             0.0666667      0.

0.             0.             0.             0.91875
0.             0.             0.             0.91875
-0.000489028   -0.00510516    0.00079858     -0.0672529
0.             0.             0.             0.0666667


    Hamiltonian Matrix AB:    < psi_{i1,A} <psi_{i2,B} | V_e-e | psi_{i3,A} <psi_{i4,B} >

HijkAB: {{{{0.06666671589, 0.004338492303, 0.00000005890085527, 0.0004890856317}, {0.004338492303, 0.0005646720462, 0., 0.00009548825008}, {0.00000005878386072, 0., -0.00000001590790122, -0.00000002313024411}, {0.0004890856317, 0.00009548825008, -0.00000002313024411, 0.00002151362508}}, {{0.004338492303, 0.06723176978, -0.003542467648, 0.005105227962}, {0.0005646720462, 0.0044487908, -0.0004610163867, 0.0006770342315}, {0., 0.00000005664154205, 0., 0.00000006798700061}, {0.00009548825008, 0.0005139411644, -0.00007795610346, 0.000117057756}}, {{0.00000005890085527, -0.003542467648, 0.06666669331, -0.0007985856342}, {0., -0.0004610163867, 0.004338534797, -0.0001560675365}, {-0.00000001590790122, 0., 0.00000008079978117, -0.00000001010777414}, {-0.00000002313024411, -0.00007795610346, 0.0004890447596, -0.00003512667325}}, {{0.0004890856317, 0.005105227962, -0.0007985856342, 0.06725331078}, {0.00009548825008, 0.0006770342315, -0.0001560675365, 0.004455807282}, {-0.00000002313024411, 0.00000006798700061, -0.00000001010777414, 0.00000009761877789}, {0.00002151362508, 0.000117057756, -0.00003512667325, 0.000516294929}}}, {{{0.004338492303, 0.0005646720462, 0., 0.00009548825008}, {0.06723176978, 0.0044487908, 0.00000005664154203, 0.0005139410638}, {-0.003542467648, -0.0004610163976, 0., -0.00007795610346}, {0.005105227962, 0.0006770342315, 0.00000006798700061, 0.000117057756}}, {{0.0005646720462, 0.0044487908, -0.0004610163867, 0.0006770342315}, {0.0044487908, 0.0678258976, -0.003632344524, 0.005240556456}, {-0.0004610163976, -0.003632344524, 0.0003764549393, -0.0005528996694}, {0.0006770342315, 0.005240556456, -0.0005528996694, 0.0008132166279}}, {{0., -0.0004610163867, 0.004338534797, -0.0001560675365}, {0.00000005664154203, -0.003632344524, 0.06723187631, -0.0008392903143}, {0., 0.0003764549393, -0.003542368583, 0.0001272995817}, {0.00000006798700061, -0.0005528996694, 0.005102885331, -0.0001914605275}}, {{0.00009548825008, 0.0006770342315, -0.0001560675365, 0.004455807282}, {0.0005139410638, 0.005240556456, -0.0008392903143, 0.06785094734}, {-0.00007795610346, -0.0005528996694, 0.0001272995817, -0.003637949858}, {0.000117057756, 0.0008132166279, -0.0001914605275, 0.005248743485}}}, {{{0.00000005878386072, 0., -0.00000001590790122, -0.00000002313024411}, {-0.003542467648, -0.0004610163976, 0., -0.00007795610346}, {0.06666669436, 0.004338534797, 0.00000008084491946, 0.0004890447596}, {-0.0007985856342, -0.0001560675365, -0.00000001010777413, -0.00003512728098}}, {{0., 0.00000005664154205, 0., 0.00000006798700061}, {-0.0004610163976, -0.003632344524, 0.0003764549393, -0.0005528996694}, {0.004338534797, 0.06723187631, -0.003542368583, 0.005102885331}, {-0.0001560675365, -0.0008392903143, 0.0001272995817, -0.0001914605275}}, {{-0.00000001590790122, 0., 0.00000008079978117, -0.00000001010777414}, {0., 0.0003764549393, -0.003542368583, 0.0001272995817}, {0.00000008084491946, -0.003542368583, 0.06666676764, -0.0007986348695}, {-0.00000001010777414, 0.0001272995817, -0.0007986348695, 0.00005738938474}}, {{-0.00000002313024411, 0.00000006798700061, -0.00000001010777414, 0.00000009761877789}, {-0.00007795610346, -0.0005528996694, 0.0001272995817, -0.003637949858}, {0.0004890447596, 0.005102885331, -0.0007986348695, 0.06725333775}, {-0.00003512728098, -0.0001914605275, 0.00005738938474, -0.000843100427}}}, {{{0.0004890856317, 0.00009548825008, -0.00000002313024411, 0.00002151362508}, {0.005105227962, 0.0006770342315, 0.00000006798700061, 0.000117057756}, {-0.0007985856342, -0.0001560675365, -0.00000001010777413, -0.00003512728098}, {0.06725331078, 0.004455807282, 0.00000009761877788, 0.000516294929}}, {{0.00009548825008, 0.0005139410809, -0.00007795610346, 0.000117057756}, {0.0006770342315, 0.005240556456, -0.0005528996694, 0.0008132166279}, {-0.0001560675365, -0.0008392903143, 0.0001272995817, -0.0001914605275}, {0.004455807282, 0.06785094734, -0.003637949858, 0.005248743485}}, {{-0.00000002313024411, -0.00007795610346, 0.0004890447596, -0.00003512667325}, {0.00000006798700061, -0.0005528996694, 0.005102885331, -0.0001914605275}, {-0.00000001010777414, 0.0001272995817, -0.0007986348695, 0.00005738938474}, {0.00000009761877788, -0.003637949858, 0.06725333775, -0.000843100427}}, {{0.00002151362508, 0.000117057756, -0.00003512667325, 0.000516294929}, {0.000117057756, 0.0008132166279, -0.0001914605275, 0.005248743485}, {-0.00003512728098, -0.0001914605275, 0.00005738938474, -0.000843100427}, {0.000516294929, 0.005248743485, -0.000843100427, 0.06787636077}}}}
0.0666667     0.00433849    0.            0.000489086     0.00433849    0.0672318     -0.00354247   0.00510523      0.            -0.00354247   0.0666667     -0.000798586    0.000489086   0.00510523    -0.000798586  0.0672533
0.00433849    0.000564672   0.            0.0000954883    0.000564672   0.00444879    -0.000461016  0.000677034     0.            -0.000461016  0.00433853    -0.000156068    0.0000954883  0.000677034   -0.000156068  0.00445581
0.            0.            0.            0.              0.            0.            0.            0.              0.            0.            0.            0.              0.            0.            0.            0.
0.000489086   0.0000954883  0.            0.0000215136    0.0000954883  0.000513941   -0.0000779561 0.000117058     0.            -0.0000779561 0.000489045   -0.0000351267   0.0000215136  0.000117058   -0.0000351267 0.000516295

0.00433849    0.000564672   0.            0.0000954883    0.000564672   0.00444879    -0.000461016  0.000677034     0.            -0.000461016  0.00433853    -0.000156068    0.0000954883  0.000677034   -0.000156068  0.00445581
0.0672318     0.00444879    0.            0.000513941     0.00444879    0.0678259     -0.00363234   0.00524056      0.            -0.00363234   0.0672319     -0.00083929     0.000513941   0.00524056    -0.00083929   0.0678509
-0.00354247   -0.000461016  0.            -0.0000779561   -0.000461016  -0.00363234   0.000376455   -0.0005529      0.            0.000376455   -0.00354237   0.0001273       -0.0000779561 -0.0005529    0.0001273     -0.00363795
0.00510523    0.000677034   0.            0.000117058     0.000677034   0.00524056    -0.0005529    0.000813217     0.            -0.0005529    0.00510289    -0.000191461    0.000117058   0.000813217   -0.000191461  0.00524874

0.            0.            0.            0.              0.            0.            0.            0.              0.            0.            0.            0.              0.            0.            0.            0.
-0.00354247   -0.000461016  0.            -0.0000779561   -0.000461016  -0.00363234   0.000376455   -0.0005529      0.            0.000376455   -0.00354237   0.0001273       -0.0000779561 -0.0005529    0.0001273     -0.00363795
0.0666667     0.00433853    0.            0.000489045     0.00433853    0.0672319     -0.00354237   0.00510289      0.            -0.00354237   0.0666668     -0.000798635    0.000489045   0.00510289    -0.000798635  0.0672533
-0.000798586  -0.000156068  0.            -0.0000351273   -0.000156068  -0.00083929   0.0001273     -0.000191461    0.            0.0001273     -0.000798635  0.0000573894    -0.0000351273 -0.000191461  0.0000573894  -0.0008431

0.000489086   0.0000954883  0.            0.0000215136    0.0000954883  0.000513941   -0.0000779561 0.000117058     0.            -0.0000779561 0.000489045   -0.0000351267   0.0000215136  0.000117058   -0.0000351267 0.000516295
0.00510523    0.000677034   0.            0.000117058     0.000677034   0.00524056    -0.0005529    0.000813217     0.            -0.0005529    0.00510289    -0.000191461    0.000117058   0.000813217   -0.000191461  0.00524874
-0.000798586  -0.000156068  0.            -0.0000351273   -0.000156068  -0.00083929   0.0001273     -0.000191461    0.            0.0001273     -0.000798635  0.0000573894    -0.0000351273 -0.000191461  0.0000573894  -0.0008431
0.0672533     0.00445581    0.            0.000516295     0.00445581    0.0678509     -0.00363795   0.00524874      0.            -0.00363795   0.0672533     -0.0008431      0.000516295   0.00524874    -0.0008431    0.0678764


    Hamiltonian Matrix BA:    < psi_{i1,B} <psi_{i2,A} | V_e-e | psi_{i3,B} <psi_{i4,A} >

HijkBA: {{{{0.06666671589, 0.004338492303, 0.00000005890085527, 0.0004890856317}, {0.004338492303, 0.0005646720462, 0., 0.00009548825008}, {0.00000005878386072, 0., -0.00000001590790122, -0.00000002313024411}, {0.0004890856317, 0.00009548825008, -0.00000002313024411, 0.00002151362508}}, {{0.004338492303, 0.06723176978, -0.003542467648, 0.005105227962}, {0.0005646720462, 0.0044487908, -0.0004610163867, 0.0006770342315}, {0., 0.00000005664154205, 0., 0.00000006798700061}, {0.00009548825008, 0.0005139411644, -0.00007795610346, 0.000117057756}}, {{0.00000005890085527, -0.003542467648, 0.06666669331, -0.0007985856342}, {0., -0.0004610163867, 0.004338534797, -0.0001560675365}, {-0.00000001590790122, 0., 0.00000008079978117, -0.00000001010777414}, {-0.00000002313024411, -0.00007795610346, 0.0004890447596, -0.00003512667325}}, {{0.0004890856317, 0.005105227962, -0.0007985856342, 0.06725331078}, {0.00009548825008, 0.0006770342315, -0.0001560675365, 0.004455807282}, {-0.00000002313024411, 0.00000006798700061, -0.00000001010777414, 0.00000009761877789}, {0.00002151362508, 0.000117057756, -0.00003512667325, 0.000516294929}}}, {{{0.004338492303, 0.0005646720462, 0., 0.00009548825008}, {0.06723176978, 0.0044487908, 0.00000005664154203, 0.0005139410638}, {-0.003542467648, -0.0004610163976, 0., -0.00007795610346}, {0.005105227962, 0.0006770342315, 0.00000006798700061, 0.000117057756}}, {{0.0005646720462, 0.0044487908, -0.0004610163867, 0.0006770342315}, {0.0044487908, 0.0678258976, -0.003632344524, 0.005240556456}, {-0.0004610163976, -0.003632344524, 0.0003764549393, -0.0005528996694}, {0.0006770342315, 0.005240556456, -0.0005528996694, 0.0008132166279}}, {{0., -0.0004610163867, 0.004338534797, -0.0001560675365}, {0.00000005664154203, -0.003632344524, 0.06723187631, -0.0008392903143}, {0., 0.0003764549393, -0.003542368583, 0.0001272995817}, {0.00000006798700061, -0.0005528996694, 0.005102885331, -0.0001914605275}}, {{0.00009548825008, 0.0006770342315, -0.0001560675365, 0.004455807282}, {0.0005139410638, 0.005240556456, -0.0008392903143, 0.06785094734}, {-0.00007795610346, -0.0005528996694, 0.0001272995817, -0.003637949858}, {0.000117057756, 0.0008132166279, -0.0001914605275, 0.005248743485}}}, {{{0.00000005878386072, 0., -0.00000001590790122, -0.00000002313024411}, {-0.003542467648, -0.0004610163976, 0., -0.00007795610346}, {0.06666669436, 0.004338534797, 0.00000008084491946, 0.0004890447596}, {-0.0007985856342, -0.0001560675365, -0.00000001010777413, -0.00003512728098}}, {{0., 0.00000005664154205, 0., 0.00000006798700061}, {-0.0004610163976, -0.003632344524, 0.0003764549393, -0.0005528996694}, {0.004338534797, 0.06723187631, -0.003542368583, 0.005102885331}, {-0.0001560675365, -0.0008392903143, 0.0001272995817, -0.0001914605275}}, {{-0.00000001590790122, 0., 0.00000008079978117, -0.00000001010777414}, {0., 0.0003764549393, -0.003542368583, 0.0001272995817}, {0.00000008084491946, -0.003542368583, 0.06666676764, -0.0007986348695}, {-0.00000001010777414, 0.0001272995817, -0.0007986348695, 0.00005738938474}}, {{-0.00000002313024411, 0.00000006798700061, -0.00000001010777414, 0.00000009761877789}, {-0.00007795610346, -0.0005528996694, 0.0001272995817, -0.003637949858}, {0.0004890447596, 0.005102885331, -0.0007986348695, 0.06725333775}, {-0.00003512728098, -0.0001914605275, 0.00005738938474, -0.000843100427}}}, {{{0.0004890856317, 0.00009548825008, -0.00000002313024411, 0.00002151362508}, {0.005105227962, 0.0006770342315, 0.00000006798700061, 0.000117057756}, {-0.0007985856342, -0.0001560675365, -0.00000001010777413, -0.00003512728098}, {0.06725331078, 0.004455807282, 0.00000009761877788, 0.000516294929}}, {{0.00009548825008, 0.0005139410809, -0.00007795610346, 0.000117057756}, {0.0006770342315, 0.005240556456, -0.0005528996694, 0.0008132166279}, {-0.0001560675365, -0.0008392903143, 0.0001272995817, -0.0001914605275}, {0.004455807282, 0.06785094734, -0.003637949858, 0.005248743485}}, {{-0.00000002313024411, -0.00007795610346, 0.0004890447596, -0.00003512667325}, {0.00000006798700061, -0.0005528996694, 0.005102885331, -0.0001914605275}, {-0.00000001010777414, 0.0001272995817, -0.0007986348695, 0.00005738938474}, {0.00000009761877788, -0.003637949858, 0.06725333775, -0.000843100427}}, {{0.00002151362508, 0.000117057756, -0.00003512667325, 0.000516294929}, {0.000117057756, 0.0008132166279, -0.0001914605275, 0.005248743485}, {-0.00003512728098, -0.0001914605275, 0.00005738938474, -0.000843100427}, {0.000516294929, 0.005248743485, -0.000843100427, 0.06787636077}}}}
0.0666667     0.00433849    0.            0.000489086     0.00433849    0.0672318     -0.00354247   0.00510523      0.            -0.00354247   0.0666667     -0.000798586    0.000489086   0.00510523    -0.000798586  0.0672533
0.00433849    0.000564672   0.            0.0000954883    0.000564672   0.00444879    -0.000461016  0.000677034     0.            -0.000461016  0.00433853    -0.000156068    0.0000954883  0.000677034   -0.000156068  0.00445581
0.            0.            0.            0.              0.            0.            0.            0.              0.            0.            0.            0.              0.            0.            0.            0.
0.000489086   0.0000954883  0.            0.0000215136    0.0000954883  0.000513941   -0.0000779561 0.000117058     0.            -0.0000779561 0.000489045   -0.0000351267   0.0000215136  0.000117058   -0.0000351267 0.000516295

0.00433849    0.000564672   0.            0.0000954883    0.000564672   0.00444879    -0.000461016  0.000677034     0.            -0.000461016  0.00433853    -0.000156068    0.0000954883  0.000677034   -0.000156068  0.00445581
0.0672318     0.00444879    0.            0.000513941     0.00444879    0.0678259     -0.00363234   0.00524056      0.            -0.00363234   0.0672319     -0.00083929     0.000513941   0.00524056    -0.00083929   0.0678509
-0.00354247   -0.000461016  0.            -0.0000779561   -0.000461016  -0.00363234   0.000376455   -0.0005529      0.            0.000376455   -0.00354237   0.0001273       -0.0000779561 -0.0005529    0.0001273     -0.00363795
0.00510523    0.000677034   0.            0.000117058     0.000677034   0.00524056    -0.0005529    0.000813217     0.            -0.0005529    0.00510289    -0.000191461    0.000117058   0.000813217   -0.000191461  0.00524874

0.            0.            0.            0.              0.            0.            0.            0.              0.            0.            0.            0.              0.            0.            0.            0.
-0.00354247   -0.000461016  0.            -0.0000779561   -0.000461016  -0.00363234   0.000376455   -0.0005529      0.            0.000376455   -0.00354237   0.0001273       -0.0000779561 -0.0005529    0.0001273     -0.00363795
0.0666667     0.00433853    0.            0.000489045     0.00433853    0.0672319     -0.00354237   0.00510289      0.            -0.00354237   0.0666668     -0.000798635    0.000489045   0.00510289    -0.000798635  0.0672533
-0.000798586  -0.000156068  0.            -0.0000351273   -0.000156068  -0.00083929   0.0001273     -0.000191461    0.            0.0001273     -0.000798635  0.0000573894    -0.0000351273 -0.000191461  0.0000573894  -0.0008431

0.000489086   0.0000954883  0.            0.0000215136    0.0000954883  0.000513941   -0.0000779561 0.000117058     0.            -0.0000779561 0.000489045   -0.0000351267   0.0000215136  0.000117058   -0.0000351267 0.000516295
0.00510523    0.000677034   0.            0.000117058     0.000677034   0.00524056    -0.0005529    0.000813217     0.            -0.0005529    0.00510289    -0.000191461    0.000117058   0.000813217   -0.000191461  0.00524874
-0.000798586  -0.000156068  0.            -0.0000351273   -0.000156068  -0.00083929   0.0001273     -0.000191461    0.            0.0001273     -0.000798635  0.0000573894    -0.0000351273 -0.000191461  0.0000573894  -0.0008431
0.0672533     0.00445581    0.            0.000516295     0.00445581    0.0678509     -0.00363795   0.00524874      0.            -0.00363795   0.0672533     -0.0008431      0.000516295   0.00524874    -0.0008431    0.0678764


Energy:  {1.575000054}


Coefficients: {{1., 0.00000004146139509, 0., -0.00000005465843441}, {1., 0.00000004146139509, 0., -0.00000005465843441}}


r2: {2.858699035, 2.858699035}
r2f: {2.858699035}


r3: {5.93746167, 5.93746167}
r3f: {5.93746167}


alpha: {3.63009, 3.63009}
alphaf: {3.63009}




~~~XDM (a1=0.65, a2=3.17474)~~~

M1^2: {2.858699065, 2.858699065}
M1f^2: {2.858699035}

M2^2: {13.62026709, 13.62026709}
M2f^2: {13.62026696}

M3^2: {90.85123851, 90.85123851}
M3f^2: {90.85123601}

C6XDM: {{5.188667445, 5.188667445}, {5.188667445, 5.188667445}}
C6XDMf: {5.18866739}

C8XDM: {{74.16419306, 74.16419306}, {74.16419306, 74.16419306}}
C8XDMf: {74.16419231}

C10XDM: {{1154.293595, 1154.293595}, {1154.293595, 1154.293595}}
C10XDMf: {1154.293572}

EXDMC6: {-0.0000004555206908}
EXDMC8: {-0.00000002893769745}
EXDMC10: {-0.000000002001720356}

EXDMBJC6: {-0.0000004541740335}
EXDMBJC8: {-0.00000002892537609}
EXDMBJC10: {-0.000000002001597866}

EXDM: {-0.0000004864601086}
EXDMBJ: {-0.0000004851010075}




~~~TS (dTS=20, sR=0.62)~~~

C6TS: {{5.18866739, 5.18866739}, {5.18866739, 5.18866739}}
C6TSf: {5.18866739}

ETS: {-0.0000004555206861}
ETSWY: {-0.0000004555206861}




~~~MBD~~~

 alpha: {3.630098408, 3.630098408}
  C6ii: {5.188682411, 5.188682411}
 omega: {0.5249996681, 0.5249996681}
lambda: {0.2762175668, 0.2759211091, 0.2759211091, 0.2753281939, 0.2753281939, 0.2750317363}
Energy: {-0.0000004555224988}

~~~MBD@rsSCS (drsSCS=6, sR=0.62)~~~

 alpha: {3.63009, 3.63009}
  C6ii: {5.18866739, 5.18866739}
 omega: {0.5250005804, 0.5250005804}
lambda: {0.2762185253, 0.2759220673, 0.2759220673, 0.2753291514, 0.2753291514, 0.2750326935}
Energy: {-0.0000004555211555}




~~~MBDFree1~~~

 alpha: {3.630098408, 3.630098408}
  C6ii: {5.188682411, 5.188682411}
 omega: {0.5249996681, 0.5249996681}
lambda: {0.2762175668, 0.2759211091, 0.2759211091, 0.2753281939, 0.2753281939, 0.2750317363}
Energy: {-0.0000004555224988}

~~~MBDFree1@rsSCS (drsSCS=6, sR=0.62)~~~

 alpha: {3.63009, 3.63009}
  C6ii: {5.18866739, 5.18866739}
 omega: {0.5250005804, 0.5250005804}
lambda: {0.2762185253, 0.2759220673, 0.2759220673, 0.2753291514, 0.2753291514, 0.2750326935}
Energy: {-0.0000004555211555}




~~~MBDFree2~~~

 alpha: {3.630098408, 3.630098408}
  C6ii: {5.188682411, 5.188682411}
 omega: {0.5249996681, 0.5249996681}
lambda: {0.2762175668, 0.2759211091, 0.2759211091, 0.2753281939, 0.2753281939, 0.2750317363}
Energy: {-0.0000004555224991}

~~~MBDFree2@rsSCS (drsSCS=6, sR=0.62)~~~

 alpha: {3.63009, 3.63009}
  C6ii: {5.18866739, 5.18866739}
 omega: {0.5250005804, 0.5250005804}
lambda: {0.2762185253, 0.2759220673, 0.2759220673, 0.2753291514, 0.2753291514, 0.2750326935}
Energy: {-0.0000004555211552}




~~~MBD@XDM1~~~

 alpha: {3.630098427, 3.630098427}
  C6ii: {5.188682465, 5.188682465}
 omega: {0.5249996681, 0.5249996681}
lambda: {0.2762175668, 0.2759211091, 0.2759211091, 0.2753281939, 0.2753281939, 0.2750317363}
Energy: {-0.0000004555225035}

~~~MBD@XDM1@rsSCS (drsSCS=6, sR=0.62)~~~

 alpha: {3.630090019, 3.630090019}
  C6ii: {5.188667445, 5.188667445}
 omega: {0.5250005804, 0.5250005804}
lambda: {0.2762185253, 0.2759220673, 0.2759220673, 0.2753291514, 0.2753291514, 0.2750326935}
Energy: {-0.0000004555211599}




~~~MBD@XDM2~~~

 alpha: {3.630098408, 3.630098408}
  C6ii: {5.188682465, 5.188682465}
 omega: {0.5249996736, 0.5249996736}
lambda: {0.2762175725, 0.2759211149, 0.2759211149, 0.2753281997, 0.2753281997, 0.2750317421}
Energy: {-0.0000004555225035}

~~~MBD@XDM2@rsSCS (drsSCS=6, sR=0.62)~~~

 alpha: {3.63009, 3.63009}
  C6ii: {5.188667445, 5.188667445}
 omega: {0.5250005859, 0.5250005859}
lambda: {0.276218531, 0.2759220731, 0.2759220731, 0.2753291572, 0.2753291572, 0.2750326993}
Energy: {-0.0000004555211597}




    ENERGY MATRIX: {Non-Interacting, Electron-Nuclear, Electron-Electron, Nuclear-Nuclear, Total Energy}
Oscillator 1 Energy: {0.7875, -0.06666666256, 0.03333335825, 0.03333333111, 0.7875000268}
Oscillator 2 Energy: {0.7875, -0.06666666256, 0.03333335825, 0.03333333111, 0.7875000268}
Energy Totals: {1.575, -0.1333333251, 0.06666671651, 0.06666666222, 1.575000054}


    COEFFICIENT MATRIX: {c1, c2, c5, c6, c11, c14}
Oscillator 1 Cs: {1., 0.00000004146139509, 0., -0.00000005465843441}
Oscillator 2 Cs: {1., 0.00000004146139509, 0., -0.00000005465843441}


    GENERAL RESULTS: {R, E, r2, r2f, r3, r3f, alpha, alphaf}
Oscillator 1 General Results: {15.000001, 1.575000054, 2.858699035, 2.858699035, 5.93746167, 5.93746167, 3.63009, 3.63009}
Oscillator 2 General Results: {15.000001, 1.575000054, 2.858699035, 2.858699035, 5.93746167, 5.93746167, 3.63009, 3.63009}


    XDM RESULTS: {M1^2, M1f^2, M2^2, M2f^2, M3^2, M3f^2, C6XDMii, C6XDMij, C6XDMf, C8XDMii, C8XDMij, C8XDMf, C10XDMii, C10XDMij, C10XDMf, EXDMC6, EXDMC8, EXDMC10, EXDMBJC6, EXDMBJC8, EXDMBJC10, EXDM, EXDMBJ}
Oscillator 1 XDM Results: {2.858699065, 2.858699035, 13.62026709, 13.62026696, 90.85123851, 90.85123601, 5.188667445, {{5.188667445, 5.188667445}, {5.188667445, 5.188667445}}, 5.18866739, 74.16419306, {{74.16419306, 74.16419306}, {74.16419306, 74.16419306}}, 74.16419231, 1154.293595, {{1154.293595, 1154.293595}, {1154.293595, 1154.293595}}, 1154.293572, -0.0000004555206908, -0.00000002893769745, -0.000000002001720356, -0.0000004541740335, -0.00000002892537609, -0.000000002001597866, -0.0000004864601086, -0.0000004851010075}
Oscillator 2 XDM Results: {2.858699065, 2.858699035, 13.62026709, 13.62026696, 90.85123851, 90.85123601, 5.188667445, {{5.188667445, 5.188667445}, {5.188667445, 5.188667445}}, 5.18866739, 74.16419306, {{74.16419306, 74.16419306}, {74.16419306, 74.16419306}}, 74.16419231, 1154.293595, {{1154.293595, 1154.293595}, {1154.293595, 1154.293595}}, 1154.293572, -0.0000004555206908, -0.00000002893769745, -0.000000002001720356, -0.0000004541740335, -0.00000002892537609, -0.000000002001597866, -0.0000004864601086, -0.0000004851010075}


    TS RESULTS: {C6TSii, C6TSij, C6TSf, ETS, ETSWY}
Oscillator 1 TS Results: {5.18866739, {{5.18866739, 5.18866739}, {5.18866739, 5.18866739}}, 5.18866739, -0.0000004555206861, -0.0000004555206861}
Oscillator 2 TS Results: {5.18866739, {{5.18866739, 5.18866739}, {5.18866739, 5.18866739}}, 5.18866739, -0.0000004555206861, -0.0000004555206861}


    MBD RESULTS: {MBD_alpha, MBD_C6, MBD_omega, MBD_Energy, MBDF1_alpha, MBDF1_C6, MBDF1_omega, MBDF1_Energy, MBDF2_alpha, MBDF2_C6, MBDF2_omega, MBDF2_Energy, MBDX1_alpha, MBDX1_C6, MBDX1_omega, MBDX1_Energy, MBDX2_alpha, MBDX2_C6, MBDX2_omega, MBDX2_Energy}
Oscillator 1 MBD Results: {3.630098408, 5.188682411, 0.5249996681, -0.0000004555224988, 3.630098408, 5.188682411, 0.5249996681, -0.0000004555224988, 3.630098408, 5.188682411, 0.5249996681, -0.0000004555224991, 3.630098427, 5.188682465, 0.5249996681, -0.0000004555225035, 3.630098408, 5.188682465, 0.5249996736, -0.0000004555225035}
Oscillator 2 MBD Results: {3.630098408, 5.188682411, 0.5249996681, -0.0000004555224988, 3.630098408, 5.188682411, 0.5249996681, -0.0000004555224988, 3.630098408, 5.188682411, 0.5249996681, -0.0000004555224991, 3.630098427, 5.188682465, 0.5249996681, -0.0000004555225035, 3.630098408, 5.188682465, 0.5249996736, -0.0000004555225035}


    MBDRSSCS RESULTS: {MBDrsSCS_alpha, MBDrsSCS_C6, MBDrsSCS_omega, MBDrsSCS_Energy, MBDF1rsSCS_alpha, MBDF1rsSCS_C6, MBDF1rsSCS_omega, MBDF1rsSCS_Energy, MBDF2rsSCS_alpha, MBDF2rsSCS_C6, MBDF2rsSCS_omega, MBDF2rsSCS_Energy, MBDX1rsSCS_alpha, MBDX1rsSCS_C6, MBDX1rsSCS_omega, MBDX1rsSCS_Energy, MBDX2rsSCS_alpha, MBDX2rsSCS_C6, MBDX2rsSCS_omega, MBDX2rsSCS_Energy}
Oscillator 1 MBDrsSCS Results: {3.63009, 5.18866739, 0.5250005804, -0.0000004555211555, 3.63009, 5.18866739, 0.5250005804, -0.0000004555211555, 3.63009, 5.18866739, 0.5250005804, -0.0000004555211552, 3.630090019, 5.188667445, 0.5250005804, -0.0000004555211599, 3.63009, 5.188667445, 0.5250005859, -0.0000004555211597}
Oscillator 2 MBDrsSCS Results: {3.63009, 5.18866739, 0.5250005804, -0.0000004555211555, 3.63009, 5.18866739, 0.5250005804, -0.0000004555211555, 3.63009, 5.18866739, 0.5250005804, -0.0000004555211552, 3.630090019, 5.188667445, 0.5250005804, -0.0000004555211599, 3.63009, 5.188667445, 0.5250005859, -0.0000004555211597}


         {R, Energy}
SUMMARY: {15.000001, 1.575000054}