Oscillators N=2 2022-12-24  w=0.525000 a=3.63009.nb ( N = 2, M = 4 )
~~~~~~~~~~~~~~~~~~~~~~~~~~~~~~~~~~~~~~
Run Commenced: Wed 28 Dec 2022 04:18:17
Run Completed: Wed 28 Dec 2022 04:36:10
Time Elapsed: 00:17:52

Oscillators Used: 2
Wavefunctions Used: 4
Internuclear Separation: 5.5
omega: 0.525
nu : 0.262357

For display purposes, the threshold of Hamiltonian matrix elements has been set to: 10^-6.


    Hamiltonian Matrix A:    < psi_{i,A} | H_k | psi_{j,A} >
    H_1 = T_kin,    H_2 = V_pot,    H_3 = V_1-B,    H_4 = V_A-B

HijkA: {{{0.39375, 0.39375, -0.1818181475, 0.1818181488}, {0., 0., -0.03226991374, 0.}, {0.3214955287, -0.3214955287, -0.00000004265340168, 0.}, {0., 0., -0.009920112672, 0.}}, {{0., 0., -0.03226991374, 0.}, {0.65625, 0.65625, -0.1932728747, 0.1818181488}, {0., 0., 0.02634803335, 0.}, {0., 0., -0.04254374937, 0.}}, {{0.3214955287, -0.3214955287, -0.00000004265340168, 0.}, {0., 0., 0.02634803335, 0.}, {0.91875, 0.91875, -0.1818175735, 0.1818181488}, {0., 0., 0.01619869475, 0.}}, {{0., 0., -0.009920112672, 0.}, {0., 0., -0.04254374937, 0.}, {0., 0., 0.01619869475, 0.}, {0.91875, 0.91875, -0.1965191365, 0.1818181488}}}
0.39375       0.            0.321496      0.
0.39375       0.            -0.321496     0.
-0.181818     -0.0322699    0.            -0.00992011
0.181818      0.            0.            0.

0.            0.65625       0.            0.
0.            0.65625       0.            0.
-0.0322699    -0.193273     0.026348      -0.0425437
0.            0.181818      0.            0.

0.321496      0.            0.91875       0.
-0.321496     0.            0.91875       0.
0.            0.026348      -0.181818     0.0161987
0.            0.            0.181818      0.

0.            0.            0.            0.91875
0.            0.            0.            0.91875
-0.00992011   -0.0425437    0.0161987     -0.196519
0.            0.            0.            0.181818


    Hamiltonian Matrix B:    < psi_{i,B} | H_k | psi_{j,B} >
    H_1 = T_kin,    H_2 = V_pot,    H_3 = V_2-A,    H_4 = V_B-A 

HijkB: {{{0.39375, 0.39375, -0.1818181475, 0.1818181488}, {0., 0., -0.03226991374, 0.}, {0.3214955287, -0.3214955287, -0.00000004265340168, 0.}, {0., 0., -0.009920112672, 0.}}, {{0., 0., -0.03226991374, 0.}, {0.65625, 0.65625, -0.1932728747, 0.1818181488}, {0., 0., 0.02634803335, 0.}, {0., 0., -0.04254374937, 0.}}, {{0.3214955287, -0.3214955287, -0.00000004265340168, 0.}, {0., 0., 0.02634803335, 0.}, {0.91875, 0.91875, -0.1818175735, 0.1818181488}, {0., 0., 0.01619869475, 0.}}, {{0., 0., -0.009920112672, 0.}, {0., 0., -0.04254374937, 0.}, {0., 0., 0.01619869475, 0.}, {0.91875, 0.91875, -0.1965191365, 0.1818181488}}}
0.39375       0.            0.321496      0.
0.39375       0.            -0.321496     0.
-0.181818     -0.0322699    0.            -0.00992011
0.181818      0.            0.            0.

0.            0.65625       0.            0.
0.            0.65625       0.            0.
-0.0322699    -0.193273     0.026348      -0.0425437
0.            0.181818      0.            0.

0.321496      0.            0.91875       0.
-0.321496     0.            0.91875       0.
0.            0.026348      -0.181818     0.0161987
0.            0.            0.181818      0.

0.            0.            0.            0.91875
0.            0.            0.            0.91875
-0.00992011   -0.0425437    0.0161987     -0.196519
0.            0.            0.            0.181818


    Hamiltonian Matrix AB:    < psi_{i1,A} <psi_{i2,B} | V_e-e | psi_{i3,A} <psi_{i4,B} >

HijkAB: {{{{0.1818084302, 0.03223350034, 0.00003811632275, 0.009852060343}, {0.03223350034, 0.01134553325, 0.0001145257737, 0.005083938506}, {0.00003776405551, 0.0001145257737, -0.000104005316, 0.0001898442036}, {0.009852060343, 0.005083938506, 0.0001898442036, 0.002904995136}}, {{0.03223350034, 0.1931541294, -0.02620550767, 0.04230730296}, {0.01134553325, 0.03801486405, -0.008967940507, 0.01629817518}, {0.0001145257737, 0.000343408203, -0.0003551383987, 0.0006001797268}, {0.005083938506, 0.01306105666, -0.003672544137, 0.007869891956}}, {{0.00003811632275, -0.02620550767, 0.1816380615, -0.01590719909}, {0.0001145257737, -0.008967940507, 0.03178443499, -0.007821290668}, {-0.000104005316, -0.0003551383987, 0.0003999783067, -0.0006541950594}, {0.0001898442036, -0.003672544137, 0.009199131394, -0.004080642553}}, {{0.009852060343, 0.04230730296, -0.01590719909, 0.1960372363}, {0.005083938506, 0.01629817518, -0.007821290668, 0.03991390774}, {0.0001898442036, 0.0006001797268, -0.0006541950594, 0.001109079603}, {0.002904995136, 0.007869891956, -0.004080642553, 0.01420232178}}}, {{{0.03223350034, 0.01134553325, 0.0001145257737, 0.005083938506}, {0.1931541294, 0.03801486405, 0.000343408203, 0.01305125167}, {-0.02620550767, -0.008968332871, -0.0003551383987, -0.003672544137}, {0.04230730296, 0.01629817518, 0.0006001797268, 0.007869891956}}, {{0.01134553325, 0.03801486405, -0.008967940507, 0.01629817518}, {0.03801486405, 0.2079379499, -0.03017989632, 0.05090295236}, {-0.008968332871, -0.03017989632, 0.006499965836, -0.01192237122}, {0.01629817518, 0.05090295236, -0.01192237122, 0.02350615978}}, {{0.0001145257737, -0.008967940507, 0.03178443499, -0.007821290668}, {0.000343408203, -0.03017989632, 0.1919464848, -0.02004556831}, {-0.0003551383987, 0.006499965836, -0.02511041977, 0.00499217633}, {0.0006001797268, -0.01192237122, 0.04039572854, -0.01097453998}}, {{0.005083938506, 0.01629817518, -0.007821290668, 0.03991390774}, {0.01305125167, 0.05090295236, -0.02004556831, 0.2115493147}, {-0.003672544137, -0.01192237122, 0.00499217633, -0.03022313101}, {0.007869891956, 0.02350615978, -0.01097453998, 0.05300171977}}}, {{{0.00003776405551, 0.0001145257737, -0.000104005316, 0.0001898442036}, {-0.02620550767, -0.008968332871, -0.0003551383987, -0.003672544137}, {0.1816367793, 0.03178443499, 0.0003994967431, 0.009199131394}, {-0.01590719909, -0.007821290668, -0.0006541950594, -0.004081253463}}, {{0.0001145257737, 0.000343408203, -0.0003551383987, 0.0006001797268}, {-0.008968332871, -0.03017989632, 0.006499965836, -0.01192237122}, {0.03178443499, 0.1919464848, -0.02511041977, 0.04039576196}, {-0.007821290668, -0.02004556831, 0.00499217633, -0.01097453998}}, {{-0.000104005316, -0.0003551383987, 0.0003999783067, -0.0006541950594}, {-0.0003551383987, 0.006499965836, -0.02511041977, 0.00499217633}, {0.0003994967431, -0.02511041977, 0.1804773847, -0.01399964297}, {-0.0006541950594, 0.00499217633, -0.01399964297, 0.004990975846}}, {{0.0001898442036, 0.0006001797268, -0.0006541950594, 0.001109079603}, {-0.003672544137, -0.01192237122, 0.00499217633, -0.03022313101}, {0.009199131394, 0.04039576196, -0.01399964297, 0.1928431486}, {-0.004081253463, -0.01097453998, 0.004990975846, -0.02016463518}}}, {{{0.009852060343, 0.005083938506, 0.0001898442036, 0.002904995136}, {0.04230730296, 0.01629817518, 0.0006001797268, 0.007869891956}, {-0.01590719909, -0.007821290668, -0.0006541950594, -0.004081253463}, {0.1960372363, 0.03991394411, 0.001109079603, 0.01420232178}}, {{0.005083938506, 0.01306105666, -0.003672544137, 0.007869891956}, {0.01629817518, 0.05090295236, -0.01192237122, 0.02350615978}, {-0.007821290668, -0.02004556831, 0.00499217633, -0.01097453998}, {0.03991394411, 0.2115493147, -0.03022313101, 0.05300171977}}, {{0.0001898442036, -0.003672544137, 0.009199131394, -0.004080642553}, {0.0006001797268, -0.01192237122, 0.04039572854, -0.01097453998}, {-0.0006541950594, 0.00499217633, -0.01399964297, 0.004990975846}, {0.001109079603, -0.03022313101, 0.1928431486, -0.02016463518}}, {{0.002904995136, 0.007869891956, -0.004080642553, 0.01420232178}, {0.007869891956, 0.02350615978, -0.01097453998, 0.05300171977}, {-0.004081253463, -0.01097453998, 0.004990975846, -0.02016463518}, {0.01420232178, 0.05300171977, -0.02016463518, 0.2139811527}}}}
0.181808     0.0322335    0.0000381163 0.00985206     0.0322335    0.193154     -0.0262055   0.0423073      0.0000381163 -0.0262055   0.181638     -0.0159072     0.00985206   0.0423073    -0.0159072   0.196037
0.0322335    0.0113455    0.000114526  0.00508394     0.0113455    0.0380149    -0.00896794  0.0162982      0.000114526  -0.00896794  0.0317844    -0.00782129    0.00508394   0.0162982    -0.00782129  0.0399139
0.0000377641 0.000114526  -0.000104005 0.000189844    0.000114526  0.000343408  -0.000355138 0.00060018     -0.000104005 -0.000355138 0.000399978  -0.000654195   0.000189844  0.00060018   -0.000654195 0.00110908
0.00985206   0.00508394   0.000189844  0.002905       0.00508394   0.0130611    -0.00367254  0.00786989     0.000189844  -0.00367254  0.00919913   -0.00408064    0.002905     0.00786989   -0.00408064  0.0142023

0.0322335    0.0113455    0.000114526  0.00508394     0.0113455    0.0380149    -0.00896794  0.0162982      0.000114526  -0.00896794  0.0317844    -0.00782129    0.00508394   0.0162982    -0.00782129  0.0399139
0.193154     0.0380149    0.000343408  0.0130513      0.0380149    0.207938     -0.0301799   0.050903       0.000343408  -0.0301799   0.191946     -0.0200456     0.0130513    0.050903     -0.0200456   0.211549
-0.0262055   -0.00896833  -0.000355138 -0.00367254    -0.00896833  -0.0301799   0.00649997   -0.0119224     -0.000355138 0.00649997   -0.0251104   0.00499218     -0.00367254  -0.0119224   0.00499218   -0.0302231
0.0423073    0.0162982    0.00060018   0.00786989     0.0162982    0.050903     -0.0119224   0.0235062      0.00060018   -0.0119224   0.0403957    -0.0109745     0.00786989   0.0235062    -0.0109745   0.0530017

0.0000377641 0.000114526  -0.000104005 0.000189844    0.000114526  0.000343408  -0.000355138 0.00060018     -0.000104005 -0.000355138 0.000399978  -0.000654195   0.000189844  0.00060018   -0.000654195 0.00110908
-0.0262055   -0.00896833  -0.000355138 -0.00367254    -0.00896833  -0.0301799   0.00649997   -0.0119224     -0.000355138 0.00649997   -0.0251104   0.00499218     -0.00367254  -0.0119224   0.00499218   -0.0302231
0.181637     0.0317844    0.000399497  0.00919913     0.0317844    0.191946     -0.0251104   0.0403958      0.000399497  -0.0251104   0.180477     -0.0139996     0.00919913   0.0403958    -0.0139996   0.192843
-0.0159072   -0.00782129  -0.000654195 -0.00408125    -0.00782129  -0.0200456   0.00499218   -0.0109745     -0.000654195 0.00499218   -0.0139996   0.00499098     -0.00408125  -0.0109745   0.00499098   -0.0201646

0.00985206   0.00508394   0.000189844  0.002905       0.00508394   0.0130611    -0.00367254  0.00786989     0.000189844  -0.00367254  0.00919913   -0.00408064    0.002905     0.00786989   -0.00408064  0.0142023
0.0423073    0.0162982    0.00060018   0.00786989     0.0162982    0.050903     -0.0119224   0.0235062      0.00060018   -0.0119224   0.0403957    -0.0109745     0.00786989   0.0235062    -0.0109745   0.0530017
-0.0159072   -0.00782129  -0.000654195 -0.00408125    -0.00782129  -0.0200456   0.00499218   -0.0109745     -0.000654195 0.00499218   -0.0139996   0.00499098     -0.00408125  -0.0109745   0.00499098   -0.0201646
0.196037     0.0399139    0.00110908   0.0142023      0.0399139    0.211549     -0.0302231   0.0530017      0.00110908   -0.0302231   0.192843     -0.0201646     0.0142023    0.0530017    -0.0201646   0.213981


    Hamiltonian Matrix BA:    < psi_{i1,B} <psi_{i2,A} | V_e-e | psi_{i3,B} <psi_{i4,A} >

HijkBA: {{{{0.1818084302, 0.03223350034, 0.00003811632275, 0.009852060343}, {0.03223350034, 0.01134553325, 0.0001145257737, 0.005083938506}, {0.00003776405551, 0.0001145257737, -0.000104005316, 0.0001898442036}, {0.009852060343, 0.005083938506, 0.0001898442036, 0.002904995136}}, {{0.03223350034, 0.1931541294, -0.02620550767, 0.04230730296}, {0.01134553325, 0.03801486405, -0.008967940507, 0.01629817518}, {0.0001145257737, 0.000343408203, -0.0003551383987, 0.0006001797268}, {0.005083938506, 0.01306105666, -0.003672544137, 0.007869891956}}, {{0.00003811632275, -0.02620550767, 0.1816380615, -0.01590719909}, {0.0001145257737, -0.008967940507, 0.03178443499, -0.007821290668}, {-0.000104005316, -0.0003551383987, 0.0003999783067, -0.0006541950594}, {0.0001898442036, -0.003672544137, 0.009199131394, -0.004080642553}}, {{0.009852060343, 0.04230730296, -0.01590719909, 0.1960372363}, {0.005083938506, 0.01629817518, -0.007821290668, 0.03991390774}, {0.0001898442036, 0.0006001797268, -0.0006541950594, 0.001109079603}, {0.002904995136, 0.007869891956, -0.004080642553, 0.01420232178}}}, {{{0.03223350034, 0.01134553325, 0.0001145257737, 0.005083938506}, {0.1931541294, 0.03801486405, 0.000343408203, 0.01305125167}, {-0.02620550767, -0.008968332871, -0.0003551383987, -0.003672544137}, {0.04230730296, 0.01629817518, 0.0006001797268, 0.007869891956}}, {{0.01134553325, 0.03801486405, -0.008967940507, 0.01629817518}, {0.03801486405, 0.2079379499, -0.03017989632, 0.05090295236}, {-0.008968332871, -0.03017989632, 0.006499965836, -0.01192237122}, {0.01629817518, 0.05090295236, -0.01192237122, 0.02350615978}}, {{0.0001145257737, -0.008967940507, 0.03178443499, -0.007821290668}, {0.000343408203, -0.03017989632, 0.1919464848, -0.02004556831}, {-0.0003551383987, 0.006499965836, -0.02511041977, 0.00499217633}, {0.0006001797268, -0.01192237122, 0.04039572854, -0.01097453998}}, {{0.005083938506, 0.01629817518, -0.007821290668, 0.03991390774}, {0.01305125167, 0.05090295236, -0.02004556831, 0.2115493147}, {-0.003672544137, -0.01192237122, 0.00499217633, -0.03022313101}, {0.007869891956, 0.02350615978, -0.01097453998, 0.05300171977}}}, {{{0.00003776405551, 0.0001145257737, -0.000104005316, 0.0001898442036}, {-0.02620550767, -0.008968332871, -0.0003551383987, -0.003672544137}, {0.1816367793, 0.03178443499, 0.0003994967431, 0.009199131394}, {-0.01590719909, -0.007821290668, -0.0006541950594, -0.004081253463}}, {{0.0001145257737, 0.000343408203, -0.0003551383987, 0.0006001797268}, {-0.008968332871, -0.03017989632, 0.006499965836, -0.01192237122}, {0.03178443499, 0.1919464848, -0.02511041977, 0.04039576196}, {-0.007821290668, -0.02004556831, 0.00499217633, -0.01097453998}}, {{-0.000104005316, -0.0003551383987, 0.0003999783067, -0.0006541950594}, {-0.0003551383987, 0.006499965836, -0.02511041977, 0.00499217633}, {0.0003994967431, -0.02511041977, 0.1804773847, -0.01399964297}, {-0.0006541950594, 0.00499217633, -0.01399964297, 0.004990975846}}, {{0.0001898442036, 0.0006001797268, -0.0006541950594, 0.001109079603}, {-0.003672544137, -0.01192237122, 0.00499217633, -0.03022313101}, {0.009199131394, 0.04039576196, -0.01399964297, 0.1928431486}, {-0.004081253463, -0.01097453998, 0.004990975846, -0.02016463518}}}, {{{0.009852060343, 0.005083938506, 0.0001898442036, 0.002904995136}, {0.04230730296, 0.01629817518, 0.0006001797268, 0.007869891956}, {-0.01590719909, -0.007821290668, -0.0006541950594, -0.004081253463}, {0.1960372363, 0.03991394411, 0.001109079603, 0.01420232178}}, {{0.005083938506, 0.01306105666, -0.003672544137, 0.007869891956}, {0.01629817518, 0.05090295236, -0.01192237122, 0.02350615978}, {-0.007821290668, -0.02004556831, 0.00499217633, -0.01097453998}, {0.03991394411, 0.2115493147, -0.03022313101, 0.05300171977}}, {{0.0001898442036, -0.003672544137, 0.009199131394, -0.004080642553}, {0.0006001797268, -0.01192237122, 0.04039572854, -0.01097453998}, {-0.0006541950594, 0.00499217633, -0.01399964297, 0.004990975846}, {0.001109079603, -0.03022313101, 0.1928431486, -0.02016463518}}, {{0.002904995136, 0.007869891956, -0.004080642553, 0.01420232178}, {0.007869891956, 0.02350615978, -0.01097453998, 0.05300171977}, {-0.004081253463, -0.01097453998, 0.004990975846, -0.02016463518}, {0.01420232178, 0.05300171977, -0.02016463518, 0.2139811527}}}}
0.181808     0.0322335    0.0000381163 0.00985206     0.0322335    0.193154     -0.0262055   0.0423073      0.0000381163 -0.0262055   0.181638     -0.0159072     0.00985206   0.0423073    -0.0159072   0.196037
0.0322335    0.0113455    0.000114526  0.00508394     0.0113455    0.0380149    -0.00896794  0.0162982      0.000114526  -0.00896794  0.0317844    -0.00782129    0.00508394   0.0162982    -0.00782129  0.0399139
0.0000377641 0.000114526  -0.000104005 0.000189844    0.000114526  0.000343408  -0.000355138 0.00060018     -0.000104005 -0.000355138 0.000399978  -0.000654195   0.000189844  0.00060018   -0.000654195 0.00110908
0.00985206   0.00508394   0.000189844  0.002905       0.00508394   0.0130611    -0.00367254  0.00786989     0.000189844  -0.00367254  0.00919913   -0.00408064    0.002905     0.00786989   -0.00408064  0.0142023

0.0322335    0.0113455    0.000114526  0.00508394     0.0113455    0.0380149    -0.00896794  0.0162982      0.000114526  -0.00896794  0.0317844    -0.00782129    0.00508394   0.0162982    -0.00782129  0.0399139
0.193154     0.0380149    0.000343408  0.0130513      0.0380149    0.207938     -0.0301799   0.050903       0.000343408  -0.0301799   0.191946     -0.0200456     0.0130513    0.050903     -0.0200456   0.211549
-0.0262055   -0.00896833  -0.000355138 -0.00367254    -0.00896833  -0.0301799   0.00649997   -0.0119224     -0.000355138 0.00649997   -0.0251104   0.00499218     -0.00367254  -0.0119224   0.00499218   -0.0302231
0.0423073    0.0162982    0.00060018   0.00786989     0.0162982    0.050903     -0.0119224   0.0235062      0.00060018   -0.0119224   0.0403957    -0.0109745     0.00786989   0.0235062    -0.0109745   0.0530017

0.0000377641 0.000114526  -0.000104005 0.000189844    0.000114526  0.000343408  -0.000355138 0.00060018     -0.000104005 -0.000355138 0.000399978  -0.000654195   0.000189844  0.00060018   -0.000654195 0.00110908
-0.0262055   -0.00896833  -0.000355138 -0.00367254    -0.00896833  -0.0301799   0.00649997   -0.0119224     -0.000355138 0.00649997   -0.0251104   0.00499218     -0.00367254  -0.0119224   0.00499218   -0.0302231
0.181637     0.0317844    0.000399497  0.00919913     0.0317844    0.191946     -0.0251104   0.0403958      0.000399497  -0.0251104   0.180477     -0.0139996     0.00919913   0.0403958    -0.0139996   0.192843
-0.0159072   -0.00782129  -0.000654195 -0.00408125    -0.00782129  -0.0200456   0.00499218   -0.0109745     -0.000654195 0.00499218   -0.0139996   0.00499098     -0.00408125  -0.0109745   0.00499098   -0.0201646

0.00985206   0.00508394   0.000189844  0.002905       0.00508394   0.0130611    -0.00367254  0.00786989     0.000189844  -0.00367254  0.00919913   -0.00408064    0.002905     0.00786989   -0.00408064  0.0142023
0.0423073    0.0162982    0.00060018   0.00786989     0.0162982    0.050903     -0.0119224   0.0235062      0.00060018   -0.0119224   0.0403957    -0.0109745     0.00786989   0.0235062    -0.0109745   0.0530017
-0.0159072   -0.00782129  -0.000654195 -0.00408125    -0.00782129  -0.0200456   0.00499218   -0.0109745     -0.000654195 0.00499218   -0.0139996   0.00499098     -0.00408125  -0.0109745   0.00499098   -0.0201646
0.196037     0.0399139    0.00110908   0.0142023      0.0399139    0.211549     -0.0302231   0.0530017      0.00110908   -0.0302231   0.192843     -0.0201646     0.0142023    0.0530017    -0.0201646   0.213981


Energy:  {1.574990268}


Coefficients: {{0.9999999952, 0.00006536321119, -0.00003621036515, 0.00006389138832}, {0.9999999952, 0.00006536321119, -0.00003621036515, 0.00006389138832}}


r2: {2.858868102, 2.858868102}
r2f: {2.858699035}


r3: {5.937988403, 5.937988403}
r3f: {5.93746167}


alpha: {3.630412038, 3.630412038}
alphaf: {3.63009}




~~~XDM (a1=0.65, a2=3.17474)~~~

M1^2: {2.858699094, 2.858699094}
M1f^2: {2.858699035}

M2^2: {13.62026742, 13.62026742}
M2f^2: {13.62026696}

M3^2: {90.85124231, 90.85124231}
M3f^2: {90.85123601}

C6XDM: {{5.189127801, 5.189127801}, {5.189127801, 5.189127801}}
C6XDMf: {5.18866739}

C8XDM: {{74.1707742, 74.1707742}, {74.1707742, 74.1707742}}
C8XDMf: {74.16419231}

C10XDM: {{1154.396042, 1154.396042}, {1154.396042, 1154.396042}}
C10XDMf: {1154.293572}

EXDMC6: {-0.0001874639468}
EXDMC8: {-0.00008857897787}
EXDMC10: {-0.00004557504904}

EXDMBJC6: {-0.00008443829515}
EXDMBJC8: {-0.00003844922942}
EXDMBJC10: {-0.00001904365266}

EXDM: {-0.0003216179737}
EXDMBJ: {-0.0001419311772}




~~~TS (dTS=20, sR=0.62)~~~

C6TS: {{5.18958804, 5.18958804}, {5.18958804, 5.18958804}}
C6TSf: {5.18866739}

ETS: {-0.0001874805735}
ETSWY: {-0.0001874465835}




~~~MBD~~~

 alpha: {3.63394902, 3.63394902}
  C6ii: {5.195892326, 5.195892326}
 omega: {0.5246156216, 0.5246156216}
lambda: {0.2872441087, 0.2812329082, 0.2812329082, 0.2692101925, 0.2692101925, 0.2631989921}
Energy: {-0.0001877887446}

~~~MBD@rsSCS (drsSCS=6, sR=0.62)~~~

 alpha: {3.630429023, 3.630429023}
  C6ii: {5.189618426, 5.189618426}
 omega: {0.5249987418, 0.5249987418}
lambda: {0.2868086321, 0.2812161555, 0.2812161555, 0.2700312023, 0.2700312023, 0.2644387257}
Energy: {-0.0001621670247}




~~~MBDFree1~~~

 alpha: {3.633626034, 3.633626034}
  C6ii: {5.194969428, 5.194969428}
 omega: {0.5246156907, 0.5246156907}
lambda: {0.2872431159, 0.2812324481, 0.2812324481, 0.2692107977, 0.2692107977, 0.2632001299}
Energy: {-0.0001877553775}

~~~MBDFree1@rsSCS (drsSCS=6, sR=0.62)~~~

 alpha: {3.630106981, 3.630106981}
  C6ii: {5.188697765, 5.188697765}
 omega: {0.5249987421, 0.5249987421}
lambda: {0.2868076402, 0.2812156597, 0.2812156597, 0.2700316987, 0.2700316987, 0.2644397182}
Energy: {-0.0001621382444}




~~~MBDFree2~~~

 alpha: {3.633626034, 3.633626034}
  C6ii: {5.195891196, 5.195891196}
 omega: {0.5247087757, 0.5247087757}
lambda: {0.2873450588, 0.2813322577, 0.2813322577, 0.2693063409, 0.2693063409, 0.2632935399}
Energy: {-0.0001877886919}

~~~MBDFree2@rsSCS (drsSCS=6, sR=0.62)~~~

 alpha: {3.630106981, 3.630106981}
  C6ii: {5.189618421, 5.189618421}
 omega: {0.5250918951, 0.5250918951}
lambda: {0.2869094285, 0.2813154634, 0.2813154634, 0.2701275332, 0.2701275332, 0.2645335681}
Energy: {-0.0001621670134}




~~~MBD@XDM1~~~

 alpha: {3.633787561, 3.633787561}
  C6ii: {5.195430963, 5.195430963}
 omega: {0.5246156561, 0.5246156561}
lambda: {0.2872436124, 0.2812326782, 0.2812326782, 0.2692104951, 0.2692104951, 0.2631995609}
Energy: {-0.0001877720642}

~~~MBD@XDM1@rsSCS (drsSCS=6, sR=0.62)~~~

 alpha: {3.630268036, 3.630268036}
  C6ii: {5.189158182, 5.189158182}
 omega: {0.5249987419, 0.5249987419}
lambda: {0.2868081362, 0.2812159076, 0.2812159076, 0.2700314504, 0.2700314504, 0.2644392218}
Energy: {-0.0001621526373}




~~~MBD@XDM2~~~

 alpha: {3.63394902, 3.63394902}
  C6ii: {5.195431528, 5.195431528}
 omega: {0.524569096, 0.524569096}
lambda: {0.2871931624, 0.2811830281, 0.2811830281, 0.2691624448, 0.2691624448, 0.2631523105}
Energy: {-0.0001877720906}

~~~MBD@XDM2@rsSCS (drsSCS=6, sR=0.62)~~~

 alpha: {3.630429023, 3.630429023}
  C6ii: {5.189158184, 5.189158184}
 omega: {0.5249521822, 0.5249521822}
lambda: {0.286757763, 0.2811662783, 0.2811662783, 0.2699833089, 0.2699833089, 0.2643918242}
Energy: {-0.0001621526429}




    ENERGY MATRIX: {Non-Interacting, Electron-Nuclear, Electron-Electron, Nuclear-Nuclear, Total Energy}
Oscillator 1 Energy: {0.7875000079, -0.1818236343, 0.09090968589, 0.09090907438, 0.7874951339}
Oscillator 2 Energy: {0.7875000079, -0.1818236343, 0.09090968589, 0.09090907438, 0.7874951339}
Energy Totals: {1.575000016, -0.3636472686, 0.1818193718, 0.1818181488, 1.574990268}


    COEFFICIENT MATRIX: {c1, c2, c5, c6, c11, c14}
Oscillator 1 Cs: {0.9999999952, 0.00006536321119, -0.00003621036515, 0.00006389138832}
Oscillator 2 Cs: {0.9999999952, 0.00006536321119, -0.00003621036515, 0.00006389138832}


    GENERAL RESULTS: {R, E, r2, r2f, r3, r3f, alpha, alphaf}
Oscillator 1 General Results: {5.500001, 1.574990268, 2.858868102, 2.858699035, 5.937988403, 5.93746167, 3.630412038, 3.63009}
Oscillator 2 General Results: {5.500001, 1.574990268, 2.858868102, 2.858699035, 5.937988403, 5.93746167, 3.630412038, 3.63009}


    XDM RESULTS: {M1^2, M1f^2, M2^2, M2f^2, M3^2, M3f^2, C6XDMii, C6XDMij, C6XDMf, C8XDMii, C8XDMij, C8XDMf, C10XDMii, C10XDMij, C10XDMf, EXDMC6, EXDMC8, EXDMC10, EXDMBJC6, EXDMBJC8, EXDMBJC10, EXDM, EXDMBJ}
Oscillator 1 XDM Results: {2.858699094, 2.858699035, 13.62026742, 13.62026696, 90.85124231, 90.85123601, 5.189127801, {{5.189127801, 5.189127801}, {5.189127801, 5.189127801}}, 5.18866739, 74.1707742, {{74.1707742, 74.1707742}, {74.1707742, 74.1707742}}, 74.16419231, 1154.396042, {{1154.396042, 1154.396042}, {1154.396042, 1154.396042}}, 1154.293572, -0.0001874639468, -0.00008857897787, -0.00004557504904, -0.00008443829515, -0.00003844922942, -0.00001904365266, -0.0003216179737, -0.0001419311772}
Oscillator 2 XDM Results: {2.858699094, 2.858699035, 13.62026742, 13.62026696, 90.85124231, 90.85123601, 5.189127801, {{5.189127801, 5.189127801}, {5.189127801, 5.189127801}}, 5.18866739, 74.1707742, {{74.1707742, 74.1707742}, {74.1707742, 74.1707742}}, 74.16419231, 1154.396042, {{1154.396042, 1154.396042}, {1154.396042, 1154.396042}}, 1154.293572, -0.0001874639468, -0.00008857897787, -0.00004557504904, -0.00008443829515, -0.00003844922942, -0.00001904365266, -0.0003216179737, -0.0001419311772}


    TS RESULTS: {C6TSii, C6TSij, C6TSf, ETS, ETSWY}
Oscillator 1 TS Results: {5.18958804, {{5.18958804, 5.18958804}, {5.18958804, 5.18958804}}, 5.18866739, -0.0001874805735, -0.0001874465835}
Oscillator 2 TS Results: {5.18958804, {{5.18958804, 5.18958804}, {5.18958804, 5.18958804}}, 5.18866739, -0.0001874805735, -0.0001874465835}


    MBD RESULTS: {MBD_alpha, MBD_C6, MBD_omega, MBD_Energy, MBDF1_alpha, MBDF1_C6, MBDF1_omega, MBDF1_Energy, MBDF2_alpha, MBDF2_C6, MBDF2_omega, MBDF2_Energy, MBDX1_alpha, MBDX1_C6, MBDX1_omega, MBDX1_Energy, MBDX2_alpha, MBDX2_C6, MBDX2_omega, MBDX2_Energy}
Oscillator 1 MBD Results: {3.63394902, 5.195892326, 0.5246156216, -0.0001877887446, 3.633626034, 5.194969428, 0.5246156907, -0.0001877553775, 3.633626034, 5.195891196, 0.5247087757, -0.0001877886919, 3.633787561, 5.195430963, 0.5246156561, -0.0001877720642, 3.63394902, 5.195431528, 0.524569096, -0.0001877720906}
Oscillator 2 MBD Results: {3.63394902, 5.195892326, 0.5246156216, -0.0001877887446, 3.633626034, 5.194969428, 0.5246156907, -0.0001877553775, 3.633626034, 5.195891196, 0.5247087757, -0.0001877886919, 3.633787561, 5.195430963, 0.5246156561, -0.0001877720642, 3.63394902, 5.195431528, 0.524569096, -0.0001877720906}


    MBDRSSCS RESULTS: {MBDrsSCS_alpha, MBDrsSCS_C6, MBDrsSCS_omega, MBDrsSCS_Energy, MBDF1rsSCS_alpha, MBDF1rsSCS_C6, MBDF1rsSCS_omega, MBDF1rsSCS_Energy, MBDF2rsSCS_alpha, MBDF2rsSCS_C6, MBDF2rsSCS_omega, MBDF2rsSCS_Energy, MBDX1rsSCS_alpha, MBDX1rsSCS_C6, MBDX1rsSCS_omega, MBDX1rsSCS_Energy, MBDX2rsSCS_alpha, MBDX2rsSCS_C6, MBDX2rsSCS_omega, MBDX2rsSCS_Energy}
Oscillator 1 MBDrsSCS Results: {3.630429023, 5.189618426, 0.5249987418, -0.0001621670247, 3.630106981, 5.188697765, 0.5249987421, -0.0001621382444, 3.630106981, 5.189618421, 0.5250918951, -0.0001621670134, 3.630268036, 5.189158182, 0.5249987419, -0.0001621526373, 3.630429023, 5.189158184, 0.5249521822, -0.0001621526429}
Oscillator 2 MBDrsSCS Results: {3.630429023, 5.189618426, 0.5249987418, -0.0001621670247, 3.630106981, 5.188697765, 0.5249987421, -0.0001621382444, 3.630106981, 5.189618421, 0.5250918951, -0.0001621670134, 3.630268036, 5.189158182, 0.5249987419, -0.0001621526373, 3.630429023, 5.189158184, 0.5249521822, -0.0001621526429}


         {R, Energy}
SUMMARY: {5.500001, 1.574990268}