Oscillators N=2 2022-12-24  w=0.525000 a=3.63009.nb ( N = 2, M = 4 )
~~~~~~~~~~~~~~~~~~~~~~~~~~~~~~~~~~~~~~
Run Commenced: Wed 28 Dec 2022 05:14:54
Run Completed: Wed 28 Dec 2022 05:37:43
Time Elapsed: 00:22:48

Oscillators Used: 2
Wavefunctions Used: 4
Internuclear Separation: 9.
omega: 0.525
nu : 0.262357

For display purposes, the threshold of Hamiltonian matrix elements has been set to: 10^-6.


    Hamiltonian Matrix A:    < psi_{i,A} | H_k | psi_{j,A} >
    H_1 = T_kin,    H_2 = V_pot,    H_3 = V_1-B,    H_4 = V_A-B

HijkA: {{{0.39375, 0.39375, -0.1111110957, 0.1111110988}, {0., 0., -0.01205142698, 0.}, {0.3214955287, -0.3214955287, 0., 0.}, {0., 0., -0.002264019347, 0.}}, {{0., 0., -0.01205142698, 0.}, {0.65625, 0.65625, -0.1137253637, 0.1111110988}, {0., 0., 0.009839948926, 0.}, {0., 0., -0.01465247519, 0.}}, {{0.3214955287, -0.3214955287, 0., 0.}, {0., 0., 0.009839948926, 0.}, {0.91875, 0.91875, -0.1111111005, 0.1111110988}, {0., 0., 0.003697128123, 0.}}, {{0., 0., -0.002264019347, 0.}, {0., 0., -0.01465247519, 0.}, {0., 0., 0.003697128123, 0.}, {0.91875, 0.91875, -0.1140021568, 0.1111110988}}}
0.39375       0.            0.321496      0.
0.39375       0.            -0.321496     0.
-0.111111     -0.0120514    0.            -0.00226402
0.111111      0.            0.            0.

0.            0.65625       0.            0.
0.            0.65625       0.            0.
-0.0120514    -0.113725     0.00983995    -0.0146525
0.            0.111111      0.            0.

0.321496      0.            0.91875       0.
-0.321496     0.            0.91875       0.
0.            0.00983995    -0.111111     0.00369713
0.            0.            0.111111      0.

0.            0.            0.            0.91875
0.            0.            0.            0.91875
-0.00226402   -0.0146525    0.00369713    -0.114002
0.            0.            0.            0.111111


    Hamiltonian Matrix B:    < psi_{i,B} | H_k | psi_{j,B} >
    H_1 = T_kin,    H_2 = V_pot,    H_3 = V_2-A,    H_4 = V_B-A 

HijkB: {{{0.39375, 0.39375, -0.1111110957, 0.1111110988}, {0., 0., -0.01205142698, 0.}, {0.3214955287, -0.3214955287, 0., 0.}, {0., 0., -0.002264019347, 0.}}, {{0., 0., -0.01205142698, 0.}, {0.65625, 0.65625, -0.1137253637, 0.1111110988}, {0., 0., 0.009839948926, 0.}, {0., 0., -0.01465247519, 0.}}, {{0.3214955287, -0.3214955287, 0., 0.}, {0., 0., 0.009839948926, 0.}, {0.91875, 0.91875, -0.1111111005, 0.1111110988}, {0., 0., 0.003697128123, 0.}}, {{0., 0., -0.002264019347, 0.}, {0., 0., -0.01465247519, 0.}, {0., 0., 0.003697128123, 0.}, {0.91875, 0.91875, -0.1140021568, 0.1111110988}}}
0.39375       0.            0.321496      0.
0.39375       0.            -0.321496     0.
-0.111111     -0.0120514    0.            -0.00226402
0.111111      0.            0.            0.

0.            0.65625       0.            0.
0.            0.65625       0.            0.
-0.0120514    -0.113725     0.00983995    -0.0146525
0.            0.111111      0.            0.

0.321496      0.            0.91875       0.
-0.321496     0.            0.91875       0.
0.            0.00983995    -0.111111     0.00369713
0.            0.            0.111111      0.

0.            0.            0.            0.91875
0.            0.            0.            0.91875
-0.00226402   -0.0146525    0.00369713    -0.114002
0.            0.            0.            0.111111


    Hamiltonian Matrix AB:    < psi_{i1,A} <psi_{i2,B} | V_e-e | psi_{i3,A} <psi_{i4,B} >

HijkAB: {{{{0.1111111228, 0.01205141479, 0., 0.002264695679}, {0.01205141479, 0.002614302603, -0.00000003576941689, 0.0007366496645}, {0., -0.00000003576941688, 0.000000206626102, 0.}, {0.002264695679, 0.0007366496645, 0., 0.0002769949201}}, {{0.01205141479, 0.1137256945, -0.009839948688, 0.01465277327}, {0.002614302603, 0.01290788382, -0.002134598759, 0.003338041982}, {-0.00000003576941688, 0.0000008858085342, 0.00000006515376232, -0.000000437295243}, {0.0007366496645, 0.002583928448, -0.0006012654257, 0.001000854752}}, {{0., -0.009839948688, 0.1111112491, -0.003697221969}, {-0.00000003576941689, -0.002134598759, 0.01205194232, -0.001203306013}, {0.000000206626102, 0.00000006515376232, -0.0000002809166077, -0.000000146283933}, {0., -0.0006012654257, 0.002263882054, -0.0004520139061}}, {{0.002264695679, 0.01465277327, -0.003697221969, 0.114002821}, {0.0007366496645, 0.003338041982, -0.001203306013, 0.01305235786}, {0., -0.000000437295243, -0.000000146283933, 0.0000006923466467}, {0.0002769949201, 0.001000854752, -0.0004520139061, 0.002668343569}}}, {{{0.01205141479, 0.002614302603, -0.00000003576941689, 0.0007366496645}, {0.1137256945, 0.01290788382, 0.0000008858085342, 0.002583927359}, {-0.009839948688, -0.002134597369, 0.0000000651537623, -0.0006012654257}, {0.01465277327, 0.003338041982, -0.000000437295243, 0.001000854752}}, {{0.002614302603, 0.01290788382, -0.002134598759, 0.003338041982}, {0.01290788382, 0.116711052, -0.01053473234, 0.01580779982}, {-0.002134597369, -0.01053473234, 0.00174314314, -0.002725290012}, {0.003338041982, 0.01580779982, -0.002725290012, 0.004320848858}}, {{-0.00000003576941689, -0.002134598759, 0.01205194232, -0.001203306013}, {0.0000008858085342, -0.01053473234, 0.1137257719, -0.004219042086}, {0.0000000651537623, 0.00174314314, -0.009840402683, 0.0009823793132}, {-0.000000437295243, -0.002725290012, 0.01465193441, -0.001634818853}}, {{0.0007366496645, 0.003338041982, -0.001203306013, 0.01305235786}, {0.002583927359, 0.01580779982, -0.004219042086, 0.1170870698}, {-0.0006012654257, -0.002725290012, 0.0009823793132, -0.0106575686}, {0.001000854752, 0.004320848858, -0.001634818853, 0.01604594043}}}, {{{0., -0.00000003576941688, 0.000000206626102, 0.}, {-0.009839948688, -0.002134597369, 0.0000000651537623, -0.0006012654257}, {0.1111112515, 0.01205194232, -0.0000002789227424, 0.002263882054}, {-0.003697221969, -0.001203306013, -0.000000146283933, -0.0004520185234}}, {{-0.0000000357694169, 0.0000008858085342, 0.00000006515376232, -0.000000437295243}, {-0.002134597369, -0.01053473234, 0.00174314314, -0.002725290012}, {0.01205194232, 0.1137257719, -0.009840402683, 0.01465193441}, {-0.001203306013, -0.004219042086, 0.0009823793132, -0.001634818853}}, {{0.000000206626102, 0.00000006515376232, -0.0000002809166077, -0.000000146283933}, {0.0000000651537623, 0.00174314314, -0.009840402683, 0.0009823793132}, {-0.0000002789227424, -0.009840402683, 0.1111117774, -0.003696639013}, {-0.000000146283933, 0.0009823793132, -0.003696639013, 0.000738631066}}, {{0., -0.000000437295243, -0.000000146283933, 0.0000006923466467}, {-0.0006012654257, -0.002725290012, 0.0009823793132, -0.0106575686}, {0.002263882054, 0.01465193441, -0.003696639013, 0.114002696}, {-0.0004520185234, -0.001634818853, 0.000738631066, -0.004358372472}}}, {{{0.002264695679, 0.0007366496645, 0., 0.0002769949201}, {0.01465277327, 0.003338041982, -0.000000437295243, 0.001000854752}, {-0.003697221969, -0.001203306013, -0.000000146283933, -0.0004520185234}, {0.114002821, 0.01305235786, 0.0000006923466467, 0.002668343569}}, {{0.0007366496645, 0.002583929459, -0.0006012654257, 0.001000854752}, {0.003338041982, 0.01580779982, -0.002725290012, 0.004320848858}, {-0.001203306013, -0.004219042086, 0.0009823793132, -0.001634818853}, {0.01305235786, 0.1170870698, -0.0106575686, 0.01604594043}}, {{0., -0.0006012654257, 0.002263882054, -0.0004520139061}, {-0.000000437295243, -0.002725290012, 0.01465193441, -0.001634818853}, {-0.000000146283933, 0.0009823793132, -0.003696639013, 0.000738631066}, {0.0000006923466467, -0.0106575686, 0.114002696, -0.004358372472}}, {{0.0002769949201, 0.001000854752, -0.0004520139061, 0.002668343569}, {0.001000854752, 0.004320848858, -0.001634818853, 0.01604594043}, {-0.0004520185234, -0.001634818853, 0.000738631066, -0.004358372472}, {0.002668343569, 0.01604594043, -0.004358372472, 0.1175093218}}}}
0.111111     0.0120514    0.           0.0022647      0.0120514    0.113726     -0.00983995  0.0146528      0.           -0.00983995  0.111111     -0.00369722    0.0022647    0.0146528    -0.00369722  0.114003
0.0120514    0.0026143    0.           0.00073665     0.0026143    0.0129079    -0.0021346   0.00333804     0.           -0.0021346   0.0120519    -0.00120331    0.00073665   0.00333804   -0.00120331  0.0130524
0.           0.           0.           0.             0.           0.           0.           0.             0.           0.           0.           0.             0.           0.           0.           0.
0.0022647    0.00073665   0.           0.000276995    0.00073665   0.00258393   -0.000601265 0.00100085     0.           -0.000601265 0.00226388   -0.000452014   0.000276995  0.00100085   -0.000452014 0.00266834

0.0120514    0.0026143    0.           0.00073665     0.0026143    0.0129079    -0.0021346   0.00333804     0.           -0.0021346   0.0120519    -0.00120331    0.00073665   0.00333804   -0.00120331  0.0130524
0.113726     0.0129079    0.           0.00258393     0.0129079    0.116711     -0.0105347   0.0158078      0.           -0.0105347   0.113726     -0.00421904    0.00258393   0.0158078    -0.00421904  0.117087
-0.00983995  -0.0021346   0.           -0.000601265   -0.0021346   -0.0105347   0.00174314   -0.00272529    0.           0.00174314   -0.0098404   0.000982379    -0.000601265 -0.00272529  0.000982379  -0.0106576
0.0146528    0.00333804   0.           0.00100085     0.00333804   0.0158078    -0.00272529  0.00432085     0.           -0.00272529  0.0146519    -0.00163482    0.00100085   0.00432085   -0.00163482  0.0160459

0.           0.           0.           0.             0.           0.           0.           0.             0.           0.           0.           0.             0.           0.           0.           0.
-0.00983995  -0.0021346   0.           -0.000601265   -0.0021346   -0.0105347   0.00174314   -0.00272529    0.           0.00174314   -0.0098404   0.000982379    -0.000601265 -0.00272529  0.000982379  -0.0106576
0.111111     0.0120519    0.           0.00226388     0.0120519    0.113726     -0.0098404   0.0146519      0.           -0.0098404   0.111112     -0.00369664    0.00226388   0.0146519    -0.00369664  0.114003
-0.00369722  -0.00120331  0.           -0.000452019   -0.00120331  -0.00421904  0.000982379  -0.00163482    0.           0.000982379  -0.00369664  0.000738631    -0.000452019 -0.00163482  0.000738631  -0.00435837

0.0022647    0.00073665   0.           0.000276995    0.00073665   0.00258393   -0.000601265 0.00100085     0.           -0.000601265 0.00226388   -0.000452014   0.000276995  0.00100085   -0.000452014 0.00266834
0.0146528    0.00333804   0.           0.00100085     0.00333804   0.0158078    -0.00272529  0.00432085     0.           -0.00272529  0.0146519    -0.00163482    0.00100085   0.00432085   -0.00163482  0.0160459
-0.00369722  -0.00120331  0.           -0.000452019   -0.00120331  -0.00421904  0.000982379  -0.00163482    0.           0.000982379  -0.00369664  0.000738631    -0.000452019 -0.00163482  0.000738631  -0.00435837
0.114003     0.0130524    0.           0.00266834     0.0130524    0.117087     -0.0106576   0.0160459      0.           -0.0106576   0.114003     -0.00435837    0.00266834   0.0160459    -0.00435837  0.117509


    Hamiltonian Matrix BA:    < psi_{i1,B} <psi_{i2,A} | V_e-e | psi_{i3,B} <psi_{i4,A} >

HijkBA: {{{{0.1111111228, 0.01205141479, 0., 0.002264695679}, {0.01205141479, 0.002614302603, -0.00000003576941689, 0.0007366496645}, {0., -0.00000003576941688, 0.000000206626102, 0.}, {0.002264695679, 0.0007366496645, 0., 0.0002769949201}}, {{0.01205141479, 0.1137256945, -0.009839948688, 0.01465277327}, {0.002614302603, 0.01290788382, -0.002134598759, 0.003338041982}, {-0.00000003576941688, 0.0000008858085342, 0.00000006515376232, -0.000000437295243}, {0.0007366496645, 0.002583928448, -0.0006012654257, 0.001000854752}}, {{0., -0.009839948688, 0.1111112491, -0.003697221969}, {-0.00000003576941689, -0.002134598759, 0.01205194232, -0.001203306013}, {0.000000206626102, 0.00000006515376232, -0.0000002809166077, -0.000000146283933}, {0., -0.0006012654257, 0.002263882054, -0.0004520139061}}, {{0.002264695679, 0.01465277327, -0.003697221969, 0.114002821}, {0.0007366496645, 0.003338041982, -0.001203306013, 0.01305235786}, {0., -0.000000437295243, -0.000000146283933, 0.0000006923466467}, {0.0002769949201, 0.001000854752, -0.0004520139061, 0.002668343569}}}, {{{0.01205141479, 0.002614302603, -0.00000003576941689, 0.0007366496645}, {0.1137256945, 0.01290788382, 0.0000008858085342, 0.002583927359}, {-0.009839948688, -0.002134597369, 0.0000000651537623, -0.0006012654257}, {0.01465277327, 0.003338041982, -0.000000437295243, 0.001000854752}}, {{0.002614302603, 0.01290788382, -0.002134598759, 0.003338041982}, {0.01290788382, 0.116711052, -0.01053473234, 0.01580779982}, {-0.002134597369, -0.01053473234, 0.00174314314, -0.002725290012}, {0.003338041982, 0.01580779982, -0.002725290012, 0.004320848858}}, {{-0.00000003576941689, -0.002134598759, 0.01205194232, -0.001203306013}, {0.0000008858085342, -0.01053473234, 0.1137257719, -0.004219042086}, {0.0000000651537623, 0.00174314314, -0.009840402683, 0.0009823793132}, {-0.000000437295243, -0.002725290012, 0.01465193441, -0.001634818853}}, {{0.0007366496645, 0.003338041982, -0.001203306013, 0.01305235786}, {0.002583927359, 0.01580779982, -0.004219042086, 0.1170870698}, {-0.0006012654257, -0.002725290012, 0.0009823793132, -0.0106575686}, {0.001000854752, 0.004320848858, -0.001634818853, 0.01604594043}}}, {{{0., -0.00000003576941688, 0.000000206626102, 0.}, {-0.009839948688, -0.002134597369, 0.0000000651537623, -0.0006012654257}, {0.1111112515, 0.01205194232, -0.0000002789227424, 0.002263882054}, {-0.003697221969, -0.001203306013, -0.000000146283933, -0.0004520185234}}, {{-0.0000000357694169, 0.0000008858085342, 0.00000006515376232, -0.000000437295243}, {-0.002134597369, -0.01053473234, 0.00174314314, -0.002725290012}, {0.01205194232, 0.1137257719, -0.009840402683, 0.01465193441}, {-0.001203306013, -0.004219042086, 0.0009823793132, -0.001634818853}}, {{0.000000206626102, 0.00000006515376232, -0.0000002809166077, -0.000000146283933}, {0.0000000651537623, 0.00174314314, -0.009840402683, 0.0009823793132}, {-0.0000002789227424, -0.009840402683, 0.1111117774, -0.003696639013}, {-0.000000146283933, 0.0009823793132, -0.003696639013, 0.000738631066}}, {{0., -0.000000437295243, -0.000000146283933, 0.0000006923466467}, {-0.0006012654257, -0.002725290012, 0.0009823793132, -0.0106575686}, {0.002263882054, 0.01465193441, -0.003696639013, 0.114002696}, {-0.0004520185234, -0.001634818853, 0.000738631066, -0.004358372472}}}, {{{0.002264695679, 0.0007366496645, 0., 0.0002769949201}, {0.01465277327, 0.003338041982, -0.000000437295243, 0.001000854752}, {-0.003697221969, -0.001203306013, -0.000000146283933, -0.0004520185234}, {0.114002821, 0.01305235786, 0.0000006923466467, 0.002668343569}}, {{0.0007366496645, 0.002583929459, -0.0006012654257, 0.001000854752}, {0.003338041982, 0.01580779982, -0.002725290012, 0.004320848858}, {-0.001203306013, -0.004219042086, 0.0009823793132, -0.001634818853}, {0.01305235786, 0.1170870698, -0.0106575686, 0.01604594043}}, {{0., -0.0006012654257, 0.002263882054, -0.0004520139061}, {-0.000000437295243, -0.002725290012, 0.01465193441, -0.001634818853}, {-0.000000146283933, 0.0009823793132, -0.003696639013, 0.000738631066}, {0.0000006923466467, -0.0106575686, 0.114002696, -0.004358372472}}, {{0.0002769949201, 0.001000854752, -0.0004520139061, 0.002668343569}, {0.001000854752, 0.004320848858, -0.001634818853, 0.01604594043}, {-0.0004520185234, -0.001634818853, 0.000738631066, -0.004358372472}, {0.002668343569, 0.01604594043, -0.004358372472, 0.1175093218}}}}
0.111111     0.0120514    0.           0.0022647      0.0120514    0.113726     -0.00983995  0.0146528      0.           -0.00983995  0.111111     -0.00369722    0.0022647    0.0146528    -0.00369722  0.114003
0.0120514    0.0026143    0.           0.00073665     0.0026143    0.0129079    -0.0021346   0.00333804     0.           -0.0021346   0.0120519    -0.00120331    0.00073665   0.00333804   -0.00120331  0.0130524
0.           0.           0.           0.             0.           0.           0.           0.             0.           0.           0.           0.             0.           0.           0.           0.
0.0022647    0.00073665   0.           0.000276995    0.00073665   0.00258393   -0.000601265 0.00100085     0.           -0.000601265 0.00226388   -0.000452014   0.000276995  0.00100085   -0.000452014 0.00266834

0.0120514    0.0026143    0.           0.00073665     0.0026143    0.0129079    -0.0021346   0.00333804     0.           -0.0021346   0.0120519    -0.00120331    0.00073665   0.00333804   -0.00120331  0.0130524
0.113726     0.0129079    0.           0.00258393     0.0129079    0.116711     -0.0105347   0.0158078      0.           -0.0105347   0.113726     -0.00421904    0.00258393   0.0158078    -0.00421904  0.117087
-0.00983995  -0.0021346   0.           -0.000601265   -0.0021346   -0.0105347   0.00174314   -0.00272529    0.           0.00174314   -0.0098404   0.000982379    -0.000601265 -0.00272529  0.000982379  -0.0106576
0.0146528    0.00333804   0.           0.00100085     0.00333804   0.0158078    -0.00272529  0.00432085     0.           -0.00272529  0.0146519    -0.00163482    0.00100085   0.00432085   -0.00163482  0.0160459

0.           0.           0.           0.             0.           0.           0.           0.             0.           0.           0.           0.             0.           0.           0.           0.
-0.00983995  -0.0021346   0.           -0.000601265   -0.0021346   -0.0105347   0.00174314   -0.00272529    0.           0.00174314   -0.0098404   0.000982379    -0.000601265 -0.00272529  0.000982379  -0.0106576
0.111111     0.0120519    0.           0.00226388     0.0120519    0.113726     -0.0098404   0.0146519      0.           -0.0098404   0.111112     -0.00369664    0.00226388   0.0146519    -0.00369664  0.114003
-0.00369722  -0.00120331  0.           -0.000452019   -0.00120331  -0.00421904  0.000982379  -0.00163482    0.           0.000982379  -0.00369664  0.000738631    -0.000452019 -0.00163482  0.000738631  -0.00435837

0.0022647    0.00073665   0.           0.000276995    0.00073665   0.00258393   -0.000601265 0.00100085     0.           -0.000601265 0.00226388   -0.000452014   0.000276995  0.00100085   -0.000452014 0.00266834
0.0146528    0.00333804   0.           0.00100085     0.00333804   0.0158078    -0.00272529  0.00432085     0.           -0.00272529  0.0146519    -0.00163482    0.00100085   0.00432085   -0.00163482  0.0160459
-0.00369722  -0.00120331  0.           -0.000452019   -0.00120331  -0.00421904  0.000982379  -0.00163482    0.           0.000982379  -0.00369664  0.000738631    -0.000452019 -0.00163482  0.000738631  -0.00435837
0.114003     0.0130524    0.           0.00266834     0.0130524    0.117087     -0.0106576   0.0160459      0.           -0.0106576   0.114003     -0.00435837    0.00266834   0.0160459    -0.00435837  0.117509


Energy:  {1.57500003}


Coefficients: {{1., 0.00000002477462231, 0., -0.0000006438196057}, {1., 0.00000002477462231, 0., -0.0000006438196057}}


r2: {2.858699035, 2.858699035}
r2f: {2.858699035}


r3: {5.93746167, 5.93746167}
r3f: {5.93746167}


alpha: {3.63009, 3.63009}
alphaf: {3.63009}




~~~XDM (a1=0.65, a2=3.17474)~~~

M1^2: {2.858699065, 2.858699065}
M1f^2: {2.858699035}

M2^2: {13.62026709, 13.62026709}
M2f^2: {13.62026696}

M3^2: {90.85123851, 90.85123851}
M3f^2: {90.85123601}

C6XDM: {{5.188667445, 5.188667445}, {5.188667445, 5.188667445}}
C6XDMf: {5.18866739}

C8XDM: {{74.16419306, 74.16419306}, {74.16419306, 74.16419306}}
C8XDMf: {74.16419231}

C10XDM: {{1154.293595, 1154.293595}, {1154.293595, 1154.293595}}
C10XDMf: {1154.293572}

EXDMC6: {-0.000009763386689}
EXDMC8: {-0.000001722875179}
EXDMC10: {-0.000000331047802}

EXDMBJC6: {-0.000009179983157}
EXDMBJC8: {-0.000001680261748}
EXDMBJC10: {-0.000000327730925}

EXDM: {-0.00001181730967}
EXDMBJ: {-0.00001118797583}




~~~TS (dTS=20, sR=0.62)~~~

C6TS: {{5.18866739, 5.18866739}, {5.18866739, 5.18866739}}
C6TSf: {5.18866739}

ETS: {-0.000009763386587}
ETSWY: {-0.000009763386587}




~~~MBD~~~

 alpha: {3.630270932, 3.630270932}
  C6ii: {5.188990461, 5.188990461}
 omega: {0.5249809354, 0.5249809354}
lambda: {0.2783498945, 0.2769774385, 0.2769774385, 0.2742325265, 0.2742325265, 0.2728600705}
Energy: {-0.00000976422151}

~~~MBD@rsSCS (drsSCS=6, sR=0.62)~~~

 alpha: {3.63009, 3.63009}
  C6ii: {5.18866739, 5.18866739}
 omega: {0.5250005804, 0.5250005804}
lambda: {0.2783697125, 0.2769976609, 0.2769976609, 0.2742535578, 0.2742535578, 0.2728815063}
Energy: {-0.000009757371936}




~~~MBDFree1~~~

 alpha: {3.630270932, 3.630270932}
  C6ii: {5.188990461, 5.188990461}
 omega: {0.5249809354, 0.5249809354}
lambda: {0.2783498945, 0.2769774385, 0.2769774385, 0.2742325265, 0.2742325265, 0.2728600705}
Energy: {-0.00000976422151}

~~~MBDFree1@rsSCS (drsSCS=6, sR=0.62)~~~

 alpha: {3.63009, 3.63009}
  C6ii: {5.18866739, 5.18866739}
 omega: {0.5250005804, 0.5250005804}
lambda: {0.2783697125, 0.2769976609, 0.2769976609, 0.2742535578, 0.2742535578, 0.2728815063}
Energy: {-0.000009757371935}




~~~MBDFree2~~~

 alpha: {3.630270932, 3.630270932}
  C6ii: {5.188990461, 5.188990461}
 omega: {0.5249809354, 0.5249809354}
lambda: {0.2783498945, 0.2769774385, 0.2769774385, 0.2742325265, 0.2742325265, 0.2728600705}
Energy: {-0.00000976422151}

~~~MBDFree2@rsSCS (drsSCS=6, sR=0.62)~~~

 alpha: {3.63009, 3.63009}
  C6ii: {5.18866739, 5.18866739}
 omega: {0.5250005804, 0.5250005804}
lambda: {0.2783697125, 0.2769976609, 0.2769976609, 0.2742535578, 0.2742535578, 0.2728815063}
Energy: {-0.000009757371936}




~~~MBD@XDM1~~~

 alpha: {3.630270951, 3.630270951}
  C6ii: {5.188990515, 5.188990515}
 omega: {0.5249809354, 0.5249809354}
lambda: {0.2783498946, 0.2769774386, 0.2769774386, 0.2742325265, 0.2742325265, 0.2728600705}
Energy: {-0.000009764221612}

~~~MBD@XDM1@rsSCS (drsSCS=6, sR=0.62)~~~

 alpha: {3.630090019, 3.630090019}
  C6ii: {5.188667445, 5.188667445}
 omega: {0.5250005804, 0.5250005804}
lambda: {0.2783697125, 0.2769976609, 0.2769976609, 0.2742535578, 0.2742535578, 0.2728815063}
Energy: {-0.000009757372037}




~~~MBD@XDM2~~~

 alpha: {3.630270932, 3.630270932}
  C6ii: {5.188990515, 5.188990515}
 omega: {0.5249809409, 0.5249809409}
lambda: {0.2783499004, 0.2769774443, 0.2769774443, 0.2742325323, 0.2742325323, 0.2728600763}
Energy: {-0.000009764221612}

~~~MBD@XDM2@rsSCS (drsSCS=6, sR=0.62)~~~

 alpha: {3.63009, 3.63009}
  C6ii: {5.188667445, 5.188667445}
 omega: {0.5250005859, 0.5250005859}
lambda: {0.2783697183, 0.2769976667, 0.2769976667, 0.2742535636, 0.2742535636, 0.272881512}
Energy: {-0.000009757372037}




    ENERGY MATRIX: {Non-Interacting, Electron-Nuclear, Electron-Electron, Nuclear-Nuclear, Total Energy}
Oscillator 1 Energy: {0.7875, -0.1111110934, 0.0555555591, 0.05555554938, 0.787500015}
Oscillator 2 Energy: {0.7875, -0.1111110934, 0.0555555591, 0.05555554938, 0.787500015}
Energy Totals: {1.575, -0.2222221869, 0.1111111182, 0.1111110988, 1.57500003}


    COEFFICIENT MATRIX: {c1, c2, c5, c6, c11, c14}
Oscillator 1 Cs: {1., 0.00000002477462231, 0., -0.0000006438196057}
Oscillator 2 Cs: {1., 0.00000002477462231, 0., -0.0000006438196057}


    GENERAL RESULTS: {R, E, r2, r2f, r3, r3f, alpha, alphaf}
Oscillator 1 General Results: {9.000001, 1.57500003, 2.858699035, 2.858699035, 5.93746167, 5.93746167, 3.63009, 3.63009}
Oscillator 2 General Results: {9.000001, 1.57500003, 2.858699035, 2.858699035, 5.93746167, 5.93746167, 3.63009, 3.63009}


    XDM RESULTS: {M1^2, M1f^2, M2^2, M2f^2, M3^2, M3f^2, C6XDMii, C6XDMij, C6XDMf, C8XDMii, C8XDMij, C8XDMf, C10XDMii, C10XDMij, C10XDMf, EXDMC6, EXDMC8, EXDMC10, EXDMBJC6, EXDMBJC8, EXDMBJC10, EXDM, EXDMBJ}
Oscillator 1 XDM Results: {2.858699065, 2.858699035, 13.62026709, 13.62026696, 90.85123851, 90.85123601, 5.188667445, {{5.188667445, 5.188667445}, {5.188667445, 5.188667445}}, 5.18866739, 74.16419306, {{74.16419306, 74.16419306}, {74.16419306, 74.16419306}}, 74.16419231, 1154.293595, {{1154.293595, 1154.293595}, {1154.293595, 1154.293595}}, 1154.293572, -0.000009763386689, -0.000001722875179, -0.000000331047802, -0.000009179983157, -0.000001680261748, -0.000000327730925, -0.00001181730967, -0.00001118797583}
Oscillator 2 XDM Results: {2.858699065, 2.858699035, 13.62026709, 13.62026696, 90.85123851, 90.85123601, 5.188667445, {{5.188667445, 5.188667445}, {5.188667445, 5.188667445}}, 5.18866739, 74.16419306, {{74.16419306, 74.16419306}, {74.16419306, 74.16419306}}, 74.16419231, 1154.293595, {{1154.293595, 1154.293595}, {1154.293595, 1154.293595}}, 1154.293572, -0.000009763386689, -0.000001722875179, -0.000000331047802, -0.000009179983157, -0.000001680261748, -0.000000327730925, -0.00001181730967, -0.00001118797583}


    TS RESULTS: {C6TSii, C6TSij, C6TSf, ETS, ETSWY}
Oscillator 1 TS Results: {5.18866739, {{5.18866739, 5.18866739}, {5.18866739, 5.18866739}}, 5.18866739, -0.000009763386587, -0.000009763386587}
Oscillator 2 TS Results: {5.18866739, {{5.18866739, 5.18866739}, {5.18866739, 5.18866739}}, 5.18866739, -0.000009763386587, -0.000009763386587}


    MBD RESULTS: {MBD_alpha, MBD_C6, MBD_omega, MBD_Energy, MBDF1_alpha, MBDF1_C6, MBDF1_omega, MBDF1_Energy, MBDF2_alpha, MBDF2_C6, MBDF2_omega, MBDF2_Energy, MBDX1_alpha, MBDX1_C6, MBDX1_omega, MBDX1_Energy, MBDX2_alpha, MBDX2_C6, MBDX2_omega, MBDX2_Energy}
Oscillator 1 MBD Results: {3.630270932, 5.188990461, 0.5249809354, -0.00000976422151, 3.630270932, 5.188990461, 0.5249809354, -0.00000976422151, 3.630270932, 5.188990461, 0.5249809354, -0.00000976422151, 3.630270951, 5.188990515, 0.5249809354, -0.000009764221612, 3.630270932, 5.188990515, 0.5249809409, -0.000009764221612}
Oscillator 2 MBD Results: {3.630270932, 5.188990461, 0.5249809354, -0.00000976422151, 3.630270932, 5.188990461, 0.5249809354, -0.00000976422151, 3.630270932, 5.188990461, 0.5249809354, -0.00000976422151, 3.630270951, 5.188990515, 0.5249809354, -0.000009764221612, 3.630270932, 5.188990515, 0.5249809409, -0.000009764221612}


    MBDRSSCS RESULTS: {MBDrsSCS_alpha, MBDrsSCS_C6, MBDrsSCS_omega, MBDrsSCS_Energy, MBDF1rsSCS_alpha, MBDF1rsSCS_C6, MBDF1rsSCS_omega, MBDF1rsSCS_Energy, MBDF2rsSCS_alpha, MBDF2rsSCS_C6, MBDF2rsSCS_omega, MBDF2rsSCS_Energy, MBDX1rsSCS_alpha, MBDX1rsSCS_C6, MBDX1rsSCS_omega, MBDX1rsSCS_Energy, MBDX2rsSCS_alpha, MBDX2rsSCS_C6, MBDX2rsSCS_omega, MBDX2rsSCS_Energy}
Oscillator 1 MBDrsSCS Results: {3.63009, 5.18866739, 0.5250005804, -0.000009757371936, 3.63009, 5.18866739, 0.5250005804, -0.000009757371935, 3.63009, 5.18866739, 0.5250005804, -0.000009757371936, 3.630090019, 5.188667445, 0.5250005804, -0.000009757372037, 3.63009, 5.188667445, 0.5250005859, -0.000009757372037}
Oscillator 2 MBDrsSCS Results: {3.63009, 5.18866739, 0.5250005804, -0.000009757371936, 3.63009, 5.18866739, 0.5250005804, -0.000009757371935, 3.63009, 5.18866739, 0.5250005804, -0.000009757371936, 3.630090019, 5.188667445, 0.5250005804, -0.000009757372037, 3.63009, 5.188667445, 0.5250005859, -0.000009757372037}


         {R, Energy}
SUMMARY: {9.000001, 1.57500003}